8.701674852033748353e-01
8.464928850270746485e-01
8.379297317718171767e-01
8.170255635310413878e-01
8.618561893968014198e-01
8.792343533560005309e-01
8.870419342652059447e-01
7.794988036771187678e-01
7.888175292784284087e-01
8.064475506863115761e-01
8.638710489862737596e-01
8.268480040297191414e-01
8.633673340889056469e-01
7.827729505100112783e-01
7.699282206271250706e-01
7.432313310666163186e-01
7.613650673718674877e-01
8.039289761994711236e-01
8.469965999244427612e-01
8.741972043823196259e-01
8.429668807454980817e-01
8.394408764639214038e-01
8.132477018007807645e-01
8.286110061705075358e-01
8.132477018007807645e-01
8.069512655836796888e-01
7.963732527389497662e-01
6.984007052008562866e-01
7.369348948495151319e-01
7.792469462284347115e-01
7.951139654955294844e-01
8.459891701297065358e-01
8.391890190152373474e-01
7.976325399823699369e-01
7.754690844981740883e-01
8.112328422113084248e-01
8.142551315955169899e-01
8.565671829744364585e-01
8.374260168744490640e-01
8.283591487218234795e-01
7.394534693363555844e-01
7.701800780758091269e-01
7.742097972547538065e-01
8.137514166981488772e-01
7.928472484573730883e-01
7.948621080468455391e-01
8.134995592494648209e-01
7.208160181337363026e-01
7.721949376652814667e-01
7.618687822692356004e-01
8.044805235667987775e-01
8.256245673651753103e-01
7.488515511924989099e-01
6.992637341891636549e-01
7.229249260587754522e-01
7.584167138631929816e-01
7.493549808067460072e-01
7.158769114593166449e-01
6.891951419042224858e-01
7.063117487886224621e-01
6.864262790258637281e-01
7.443206846642753671e-01
7.553961361777106198e-01
7.035428859102637045e-01
6.504310616071989903e-01
7.234283556730224385e-01
6.559687873639167277e-01
6.516896356428166781e-01
6.386004656723931472e-01
7.141149078094518599e-01
7.501101252281165976e-01
7.229249260587754522e-01
6.542067837140519426e-01
7.201560631804165835e-01
5.583034421999873986e-01
5.469762758794286528e-01
4.923541627336228133e-01
5.228116543955698692e-01
5.640928827638286291e-01
5.079604807752815532e-01
5.298596689950286764e-01
5.263356616952992173e-01
5.562897237429992314e-01
5.650997419923227127e-01
5.369076835944874837e-01
5.613240198854697605e-01
5.172739286388521318e-01
5.791957711912403273e-01
5.988295261468755681e-01
6.109118368888050155e-01
6.265181549304638109e-01
5.718960417846580269e-01
5.590585866213579891e-01
5.348939651374992055e-01
6.021018186394814231e-01
6.464036246932225449e-01
6.202252847523755941e-01
6.280284437732049918e-01
5.230633692026933623e-01
5.049399030897993024e-01
4.672234877246266849e-01
3.637053910402429646e-01
3.302961275626423721e-01
3.718046064287522379e-01
3.728170083523158485e-01
5.107567704378638274e-01
4.948114401417362807e-01
4.743103011895722365e-01
5.008858516831181662e-01
4.851936218678815638e-01
5.016451531257909435e-01
4.897494305239180057e-01
4.619083776259174656e-01
4.889901290812452284e-01
5.059478613009364967e-01
4.900025310048088945e-01
4.196405973171348780e-01
3.976208554796253902e-01
5.018982536066818323e-01
5.646671728676284641e-01
5.454315363199190303e-01
5.798532017210832334e-01
5.965578334598835575e-01
5.654264743103012414e-01
5.396102252594280335e-01
5.335358137180460369e-01
5.682105796001012399e-01
5.796001012401923447e-01
6.127562642369021040e-01
5.208807896735003773e-01
5.578334598835738012e-01
5.618830675778283545e-01
5.659326752720830189e-01
5.434067324727916981e-01
6.183244748165021010e-01
5.641609719058465755e-01
5.474563401670463625e-01
5.932675272083016704e-01
5.651733738294102416e-01
4.624145785876992987e-01
4.487471526195899729e-01
4.403948367501898109e-01
4.064793723108073853e-01
4.178688939508984901e-01
4.411541381928625882e-01
4.090103771197165505e-01
3.834472285497342314e-01
4.490002531004809172e-01
4.472285497342444738e-01
4.900025310048088945e-01
4.535978267736432978e-01
4.770989955145618633e-01
4.983258576031334708e-01
4.829111125150041262e-01
4.730557836881673084e-01
4.179670225535409567e-01
3.914334449428264473e-01
4.973150546465348598e-01
4.738138859056162944e-01
