-7.912938977166510401e-01
-8.110562157831485708e-01
-7.124486278668964445e-01
7.689248309691104448e-03
1.745800819997354869e-02
-5.290305515143499393e-03
-4.241219350563286798e-03
3.180914512922465315e-03
8.135949084705728501e-03
-1.705924808083459157e-02
-1.026180765688725245e-02
6.314958558084462180e-03
-5.028783166810031277e-03
-1.455700390392377502e-02
2.377179080824088839e-03
-1.215002641310089851e-02
-2.922228863651457880e-03
-2.630005977286312135e-02
7.190412782956058686e-03
-2.663115845539281139e-03
-1.620185922974767476e-02
-1.513944223107569799e-02
-2.463249900675407167e-02
-1.589193484306714380e-02
0.000000000000000000e+00
-1.836667759921285781e-02
1.532668296227786275e-02
1.479817665323379834e-02
-1.160720174108026068e-02
-1.002440150366022513e-02
-3.469347526118667785e-02
-1.944937249490768030e-02
-1.442906801337968080e-02
-7.608054043418377779e-03
-1.282806466391779587e-02
-1.335165913999607386e-02
-1.027194310923816405e-02
7.901494699413972927e-04
1.108545034642032315e-02
2.903332233586275110e-03
-6.041502495403204380e-03
-3.940110323089046629e-02
-1.790416008425486927e-02
4.476040021063717317e-03
-1.319000197850029622e-02
-3.693200553980083289e-02
-1.652892561983471120e-02
-2.230093139184048320e-02
4.979688114270738181e-03
-2.306381863451710187e-02
-1.318565400843881887e-02
7.911392405063291666e-03
-1.076860950329788617e-03
-1.534526854219948888e-02
-5.399203617466423466e-04
-1.214820813929945280e-02
-2.687810778121220347e-04
-2.338395376965461681e-02
-7.787848271231957026e-03
4.833836858006042292e-03
-8.335013779659877081e-03
-1.559454191033138315e-02
5.636449037106622435e-03
-1.073609340401261540e-02
-8.493132506137614918e-03
-9.023953287771216067e-03
-8.029441284710605795e-03
-5.888256942121110858e-03
-1.941876704129813155e-02
9.868989825098091473e-02
1.175536139793486867e-01
1.109346041832141860e-01
9.829116439263478611e-02
1.329977480460988182e-01
1.002137894174238431e-01
9.700694815606628052e-02
1.165591111702481558e-01
1.077772603286541175e-01
1.265116279069767313e-01
1.283720930232558066e-01
8.208261389294727040e-02
5.790941692123788287e-02
9.156851001530577627e-02
1.110001996406468350e-01
9.737927364640149019e-02
8.647066648929094268e-02
1.099739112984146061e-01
7.331594086560974666e-02
9.870234653398776703e-02
1.409265111275465610e-01
9.772984488382931156e-02
9.027361693628919992e-02
1.020285197830889806e-01
9.319140389636473842e-02
1.046674212663959019e-01
9.800918836140888601e-02
1.208974102922575067e-01
1.070501298182544442e-01
1.132251819213565686e-01
-3.738567327591962169e-02
-2.133048926809758689e-02
-2.586321823756832297e-02
2.409799852734453591e-03
-1.445879911640672068e-02
-1.543168817347346025e-02
-1.197286151390182171e-02
-2.406738868832731734e-03
-1.845166466105094272e-02
-4.859283255719781119e-03
-2.699601808733211733e-04
8.785942492012779187e-03
6.656017039403621174e-03
-1.309547671544063555e-02
-9.888421193291908190e-03
-1.394569225611800266e-02
5.363727790814616474e-03
4.273218935701409218e-03
-3.765774187086866343e-02
-1.126458361271288726e-02
-3.486656832506369701e-03
2.090732426455806439e-02
1.206191784493734417e-02
-8.272181454302867873e-03
-9.339559706470981423e-03
1.863064741499767182e-03
2.661521059285381534e-04
-1.608686909310275527e-03
-6.166633152356056080e-03
-7.029401824940858037e-03
-5.947955390334572386e-03
-2.523575508035595660e-02
-1.195377872227387436e-02
-2.028695362028695368e-02
-2.268935602268935467e-02
-7.782623280778262417e-03
-2.146930560214693230e-03
8.546437871402818437e-03
-1.922948521065634062e-02
-7.470651013874065986e-03
2.828175026680896514e-02
2.415332108164872787e-02
1.417694933053294769e-02
7.078254030672434180e-03
-6.029623803906147828e-03
1.204819277108433798e-02
-1.833420639078051431e-03
1.339901477832512386e-02
-7.356321839080459495e-03
2.856955638555795651e-02
6.814756569032173750e-03
2.140433307230488191e-02
1.905507700339336905e-02
2.415173590601824363e-02
1.338846229572750526e-02
-6.561249261859457629e-03
9.973098878026376984e-03
1.335515548281505753e-02
-1.047463175122749631e-03
2.746713753188149976e-02
1.726505787718265669e-02
7.568837269998695411e-03
5.219887772412893506e-03
1.329943281830627856e-02
2.086185540126475179e-03
3.903844894216283723e-02
4.008646099430143717e-02
9.935939338475616861e-03
1.098182768989410321e-02
3.196436759022728419e-02
1.834021091242549239e-03
2.137922044062052010e-02
1.225394342328249217e-02
1.308130028124795605e-02
9.418536202498528284e-03
2.383759004584152033e-02
4.243614931237720683e-02
1.567500489843903170e-03
2.168375677617399161e-02
5.235944760782773773e-03
6.021336474900189882e-03
1.255476361734126668e-02
1.020074543908977907e-02
2.960440136232643515e-02
3.248624574272989535e-02
1.885063489985600374e-02
4.162848540384866958e-02
-4.723789528933210538e-03
-2.624327516074006095e-04
8.106164607439366940e-03
3.294763679152774849e-02
1.047257494436444484e-03
1.178164681241000190e-02
3.052832423185735874e-02
1.342193565366142476e-02
1.832820579956797842e-03
1.937553184525757713e-02
3.097519359495996827e-02
-1.575009843811523737e-03
1.855845259099522804e-02
