9.824959073164588608e-01
9.840070520085631989e-01
9.880367711875078784e-01
9.472358645006926370e-01
9.658733157033119188e-01
9.842589094572471442e-01
9.857700541493514823e-01
9.850144818032993133e-01
9.835033371111950862e-01
9.817403349704068027e-01
9.900516307769802182e-01
9.797254753809343519e-01
9.794736179322502956e-01
9.797254753809343519e-01
9.822440498677748044e-01
9.865256264954036514e-01
9.865256264954036514e-01
9.852663392519833696e-01
9.809847626243546337e-01
9.835033371111950862e-01
9.840070520085631989e-01
9.905553456743483309e-01
9.870293413927716530e-01
9.824959073164588608e-01
9.862737690467195950e-01
9.809847626243546337e-01
9.897997733282961619e-01
9.789699030348822939e-01
9.900516307769802182e-01
9.850144818032993133e-01
9.761994710993577851e-01
9.885404860848759911e-01
9.840070520085631989e-01
9.852663392519833696e-01
9.882886286361919348e-01
9.799773328296184083e-01
9.880367711875078784e-01
9.882886286361919348e-01
9.832514796625110298e-01
9.875330562901397657e-01
9.799773328296184083e-01
9.835033371111950862e-01
9.804810477269865210e-01
9.850144818032993133e-01
9.840070520085631989e-01
9.817403349704068027e-01
9.865256264954036514e-01
9.840070520085631989e-01
9.928220627125047271e-01
9.822440498677748044e-01
9.847083254672456265e-01
9.756465924107985410e-01
9.698571518469574215e-01
9.769051664464162288e-01
9.746397331823044574e-01
9.776603108677868192e-01
9.809326033603926742e-01
9.774085960606632151e-01
9.784154552891574097e-01
9.748914479894279506e-01
9.826946070102573483e-01
9.821911773960103620e-01
9.784154552891574097e-01
9.723742999181926860e-01
9.741363035680573601e-01
9.804291737461455769e-01
9.776603108677868192e-01
9.769051664464162288e-01
9.794223145176514933e-01
9.746397331823044574e-01
9.756465924107985410e-01
9.748914479894279506e-01
9.758983072179221452e-01
9.728777295324397834e-01
9.743880183751809643e-01
9.693537222327103242e-01
9.736328739538103738e-01
9.713674406896986024e-01
9.680951481970927475e-01
9.693537222327103242e-01
9.708640110754515051e-01
9.711157258825749983e-01
9.708640110754515051e-01
9.605437039833868429e-01
9.741363035680573601e-01
9.685985778113397338e-01
9.731294443395632765e-01
9.756465924107985410e-01
9.693537222327103242e-01
9.668365741614750597e-01
9.685985778113397338e-01
9.693537222327103242e-01
9.738845887609338670e-01
9.713674406896986024e-01
9.665848593543515666e-01
9.675917185828456502e-01
9.769051664464162288e-01
9.721225851110691929e-01
9.743880183751809643e-01
9.751431627965515547e-01
9.777271576815995680e-01
9.731713490255631260e-01
9.805112629713996775e-01
9.797519615287269001e-01
9.800050620096177889e-01
9.703872437357631275e-01
9.741837509491267921e-01
9.789926600860541228e-01
9.802581624905086777e-01
9.807643634522905662e-01
9.858263730701087857e-01
9.822829663376360099e-01
9.802581624905086777e-01
9.374841812199443680e-01
9.729182485446722373e-01
9.757023538344722358e-01
9.794988610478360114e-01
9.787395596051632340e-01
9.787395596051632340e-01
9.754492533535813470e-01
9.812705644140723438e-01
9.822829663376360099e-01
9.767147557580359019e-01
9.812705644140723438e-01
9.754492533535813470e-01
9.794988610478360114e-01
9.762085547962541243e-01
9.729182485446722373e-01
9.764616552771450131e-01
9.751961528726904582e-01
9.736775499873450146e-01
9.838015692229815645e-01
9.754492533535813470e-01
9.807643634522905662e-01
9.797519615287269001e-01
9.605163249810174664e-01
9.739306504682359034e-01
9.757023538344722358e-01
9.744368514300176809e-01
9.741837509491267921e-01
9.731713490255631260e-01
9.751961528726904582e-01
9.734244495064540148e-01
9.759554543153632356e-01
9.749430523917995695e-01
9.726651480637813485e-01
9.713996456593267936e-01
9.739306504682359034e-01
9.731713490255631260e-01
9.713996456593267936e-01
9.703708383347021682e-01
9.751721523785457091e-01
9.673384294649062243e-01
9.734032472044981121e-01
9.716343420304504042e-01
9.648114220734095303e-01
9.734032472044981121e-01
9.776991597700422920e-01
9.640533198559605443e-01
