-8.647623862487361368e-01
-8.842264914054600577e-01
-8.152173913043477826e-01
-6.832659251769463982e-01
-7.029828109201213815e-01
-7.472194135490394240e-01
-7.398887765419616125e-01
-7.972699696663296809e-01
-8.066228513650152143e-01
-7.975227502527806323e-01
-7.755308392315469757e-01
-7.639029322548028800e-01
-7.282608695652174058e-01
-7.039939332659251869e-01
-6.984327603640040349e-01
-6.064206268958544088e-01
-7.039939332659251869e-01
-8.046006066734074924e-01
-8.442871587462082994e-01
-8.410010111223458207e-01
-8.470677451971688754e-01
-7.709807886754297401e-01
-7.381193124368048419e-01
-7.249747219413549271e-01
-7.173913043478260532e-01
-7.158746208291203450e-01
-7.618806875631951581e-01
-7.555611729019211520e-01
-7.487360970677452432e-01
-7.065217391304348116e-01
-7.396359959555106611e-01
-6.729019211324570593e-01
-7.039939332659251869e-01
-5.841759352881699119e-01
-5.679979777553083586e-01
-6.612740141557128526e-01
-7.353387259858442659e-01
-7.558139534883721034e-01
-7.525278058645096246e-01
-7.692113245702729696e-01
-7.133468149646107204e-01
-5.705257836198179833e-01
-5.649646107178968313e-01
-5.884732052578361960e-01
-5.341253791708796550e-01
-5.887259858442871474e-01
-5.755813953488372325e-01
-6.559656218402426520e-01
-6.845298281092012660e-01
-6.147623862487361368e-01
-6.956741077058897771e-01
-6.051204439399672230e-01
-5.978055240257282854e-01
-6.205069996216420192e-01
-5.796443435489972984e-01
-5.471055618615210392e-01
-5.241518476478749244e-01
-5.859503089923067121e-01
-5.735906167234203767e-01
-6.194980451507126062e-01
-6.386681800983730062e-01
-6.376592256274435933e-01
-6.351368394501197834e-01
-5.879682179341657600e-01
-6.469920544835414677e-01
-6.800353134064824889e-01
-6.459831000126119438e-01
-6.119308866187412876e-01
-6.543069743977802943e-01
-6.121831252364736686e-01
-5.703115146928995349e-01
-5.370160171522260217e-01
-2.532475722033043497e-01
-3.465758607642830391e-01
-2.507251860259805953e-01
-5.107832009080590652e-01
-5.405473578004792445e-01
-5.518980955984361669e-01
-5.453398915373943723e-01
-5.080085761130028743e-01
-5.536637659225627228e-01
-5.463488460083238962e-01
-5.629965947786605973e-01
-4.585698070374574220e-01
-5.135578257031151450e-01
-5.022070879051583336e-01
-5.657712195737167882e-01
-5.433219825955353244e-01
-5.264219952074662423e-01
-5.049817127002144135e-01
-4.061041745491234534e-01
-4.356160928238113073e-01
-4.431832513557825703e-01
-4.593265228906545650e-01
-4.071131290200529773e-01
-4.769832261319207900e-01
-4.025728339008702306e-01
-4.870727708412158075e-01
-4.996847017278345238e-01
-5.037205196115525085e-01
-4.640828178260320569e-01
-4.451458149223582739e-01
-4.522156293397298077e-01
-4.461557884105541993e-01
-4.527206160838277982e-01
-4.337836131801540152e-01
-4.325211463199091222e-01
-4.870597146824895973e-01
-4.360560535285948891e-01
-4.721626057315995717e-01
-4.224214114379497564e-01
-3.741951773765938571e-01
-4.325211463199091222e-01
-4.251988385304885654e-01
-4.257038252745865559e-01
-4.724150991036485392e-01
-4.671127382906198888e-01
-4.628203509657871639e-01
-3.090518873879560813e-01
-4.501956823633379567e-01
-3.805075116778184330e-01
-3.325337709885115567e-01
-2.785001893700290165e-01
-3.577831081934099156e-01
-3.999495013255902065e-01
-4.307536927155662387e-01
-2.936497916929680652e-01
-2.613306400706981170e-01
-2.338088625173589119e-01
-2.166393132180280401e-01
-3.923747001641206822e-01
-2.476959979800530121e-01
-2.391112233303875900e-01
-1.815427345032192830e-01
-2.891049109960863728e-01
-2.232041408913016112e-01
-3.274839035475318738e-01
-2.734503219290493892e-01
-2.196692336826158443e-01
-4.292387324832723228e-01
-3.893447796995329058e-01
-3.199091023860623495e-01
-3.517232672642343072e-01
-3.971720742330513976e-01
-3.911122333038757892e-01
-4.234313849261456819e-01
-4.022219416740310804e-01
-3.029920464587804729e-01
-3.100618608761520067e-01
-3.822749652821613164e-01
-2.889589905362776046e-01
-2.553943217665615162e-01
-2.432807570977917888e-01
-2.591798107255520733e-01
-2.710410094637223932e-01
-2.778548895899053406e-01
-2.359621451104100820e-01
-2.029022082018927531e-01
-2.246056782334384938e-01
