-8.736325914749151211e-01
-8.019615239532251749e-01
-6.724506475543819972e-01
-5.746259273230227560e-01
-5.550106877907707847e-01
-4.732805230730541823e-01
-5.716081981642147092e-01
-3.254117942914623307e-01
-3.646422733559663287e-01
-2.949830252734816916e-01
-3.503080598516283284e-01
-3.985917263925562448e-01
-3.563435181692443110e-01
-4.584433547089148964e-01
-6.128504966679240162e-01
-6.923173645165346946e-01
-7.245064755438199722e-01
-8.125235760090532278e-01
-8.598013328303785174e-01
-7.687665032063372150e-01
-7.416069407770652377e-01
-6.681755312460706531e-01
-6.221551615742486607e-01
-6.563560920407393029e-01
-4.332956117188482281e-01
-4.008550232616622799e-01
-3.158556519552370156e-01
-2.600276625172890932e-01
-3.394945303658996605e-01
-2.791399471897397233e-01
-3.533257890104363197e-01
-4.189613982145102278e-01
-4.594492644285175231e-01
-5.140198667169622038e-01
-5.711052433044134791e-01
-5.698478561549100707e-01
-6.520809757324280698e-01
-7.136929460580913043e-01
-8.283666540927951960e-01
-8.585439456808751091e-01
-8.459700741858418027e-01
-7.748019615239531976e-01
-6.973469131145479949e-01
-6.792405381616999360e-01
-4.637243807368288673e-01
-4.426002766251728726e-01
-4.632214258770275261e-01
-3.681629573745756057e-01
-3.163586068150383568e-01
-3.186219036841443364e-01
-3.540669856459330300e-01
-2.991689750692520522e-01
-3.946109292369679999e-01
-6.245278267438931774e-01
-6.136993200705112006e-01
-7.617728531855956220e-01
-7.836816922689499032e-01
-8.348023167967766334e-01
-7.965248048350541676e-01
-7.708385797028456388e-01
-6.809367917401157877e-01
-6.809367917401157877e-01
-6.643162931251573866e-01
-6.361118106270461370e-01
-5.222865776882397171e-01
-4.301183580961974173e-01
-5.122135482246286120e-01
-3.140266935280785487e-01
-4.190380256862251129e-01
-4.061949131201209040e-01
-3.779904306220095433e-01
-4.150088139007806487e-01
-3.928481490808360399e-01
-3.752203475195164950e-01
-1.447997985394107179e-01
-6.172248803827751207e-01
-5.887685721480735435e-01
-6.139511458071015282e-01
-5.595567867036010945e-01
-4.608410979602115543e-01
-3.993956182321833359e-01
-1.843364391840846273e-01
-2.797783933518005473e-01
-2.588768572148073543e-01
-9.065726517250062566e-02
1.787962729790984473e-02
-2.649206748929740507e-01
-2.218584739360362768e-01
-2.787710904054394589e-01
-4.056912616469403043e-01
-5.431881138252329100e-01
-5.164945857466632928e-01
-5.237975321077814606e-01
-5.371442961470662691e-01
-5.240493578443716771e-01
-3.664064467388566948e-01
-4.694031730042810269e-01
-4.938302694535381399e-01
-4.701586502140518986e-01
-3.988919667590027918e-01
-5.238095238095238360e-01
-2.083648274124464683e-01
-4.270597127739985122e-01
-3.892668178382464039e-01
-4.257999496094734271e-01
-3.643235071806500414e-01
-2.821869488536155046e-01
-4.703955656336608615e-01
-3.993449231544469735e-01
-5.353993449231544410e-01
-5.175107079868984661e-01
-4.545225497606449894e-01
-5.104560342655580785e-01
-5.195263290501386244e-01
-4.441924918115394139e-01
-4.981103552532124001e-01
-3.464348702443940664e-01
-1.970269589317208414e-01
-2.204585537918871130e-01
-1.211892164273116607e-01
-1.433610481229528888e-01
-2.275132275132275006e-01
-2.746283698664651191e-02
-2.265054169816074492e-01
-2.176870748299319647e-01
-3.204837490551776247e-01
-2.804232804232804077e-01
-4.363819601914840085e-01
-4.001007810531619913e-01
-4.686318972033257646e-01
-3.869992441421012952e-01
-4.771982867220962432e-01
-3.391282438901486729e-01
-2.889896699420508863e-01
-2.539682539682539542e-01
-2.121441169060216680e-01
-2.620307382212144209e-01
-2.317964222726127399e-01
-2.637944066515495178e-01
-2.338120433358528705e-01
-3.413958175862937816e-01
-2.033257747543461835e-01
-2.345679012345678882e-01
-3.028470647518266556e-01
-2.675736961451247176e-01
-2.501889644746787544e-01
-3.529856386999243867e-01
-2.557319223985890511e-01
-3.741496598639456050e-01
-3.995968757873519794e-01
-3.458002770431935491e-01
-4.054904923813121842e-01
-4.067497796247324104e-01
-3.928976199471099218e-01
-3.531041430550308502e-01
-3.941569071905301480e-01
-2.561390253116735960e-01
-2.926583553708601015e-01
-1.705074927590983502e-01
