9.349209349209349762e-01
9.152649152649152686e-01
9.941409941409941053e-01
9.898569898569898884e-01
8.648648648648649129e-01
8.638568638568638880e-01
8.547848547848547751e-01
9.903609903609903453e-01
8.651168651168651413e-01
8.610848610848610418e-01
8.557928557928558000e-01
8.757008757008757360e-01
8.686448686448686729e-01
8.719208719208719760e-01
8.719208719208719760e-01
8.648648648648649129e-01
8.686448686448686729e-01
8.643608643608643449e-01
8.631008631008630916e-01
8.633528633528633200e-01
8.656208656208655983e-01
8.699048699048699262e-01
8.578088578088578497e-01
8.568008568008568249e-01
8.575568575568575103e-01
8.628488628488628631e-01
8.671328671328670801e-01
8.550368550368550036e-01
8.641088641088641165e-01
8.580608580608580782e-01
8.585648585648585351e-01
8.598248598248597885e-01
8.550368550368550036e-01
8.583128583128583067e-01
8.598248598248597885e-01
8.615888615888616098e-01
8.731808731808732293e-01
8.449568449568449768e-01
8.701568701568701547e-01
8.688968688968689014e-01
8.641088641088641165e-01
8.643608643608643449e-01
8.638568638568638880e-01
8.754488754488753965e-01
8.772128772128772178e-01
8.583128583128583067e-01
8.565488565488565964e-01
8.658728658728658267e-01
8.636048636048636595e-01
8.613368613368613813e-01
8.690716448032290709e-01
8.718466195761856996e-01
8.668012108980827080e-01
8.675580221997981623e-01
8.761352169525731259e-01
8.604944500504541072e-01
8.564581231079717583e-01
8.615035317860746389e-01
8.536831483350151295e-01
8.632694248234107359e-01
8.632694248234107359e-01
8.693239152371342593e-01
8.703329969727547910e-01
8.582240161453077443e-01
8.678102926337033507e-01
8.627648839556003590e-01
8.521695257315842209e-01
8.665489404641776305e-01
8.625126135216952816e-01
8.622603430877900932e-01
8.756306760847628601e-01
8.579717457114026669e-01
8.579717457114026669e-01
8.640262361251261902e-01
5.971241170534813403e-01
3.806760847628657962e-01
3.791624621594348876e-01
3.668012108980827635e-01
3.758829465186679930e-01
3.597376387487386529e-01
3.673057517658930293e-01
3.536831483350151295e-01
3.627648839556004146e-01
3.650353178607467219e-01
3.907669021190716685e-01
3.612512613521695060e-01
3.690716448032290709e-01
3.781533804238143559e-01
3.884964682139253056e-01
3.839556004036326908e-01
3.579717457114026113e-01
3.698284561049445252e-01
3.504036326942482349e-01
3.688193743693239379e-01
3.622603430877900932e-01
3.768920282542885802e-01
3.604944500504541072e-01
3.632694248234106804e-01
3.536831483350151295e-01
1.934914228052472263e-01
1.972257250945775586e-01
1.588902900378310334e-01
1.813366960907944470e-01
1.876418663303909273e-01
1.735182849936948435e-01
1.899117276166456536e-01
1.914249684741488045e-01
1.891551071878940782e-01
1.911727616645649552e-01
1.800756620428751453e-01
1.979823455233291341e-01
1.901639344262295028e-01
1.727616645649432403e-01
1.926860025220681061e-01
2.037831021437578882e-01
2.116015132408574917e-01
1.798234552332912961e-01
1.838587641866330502e-01
1.896595208070618044e-01
1.793190416141235699e-01
1.899117276166456536e-01
1.977301387137452848e-01
1.831021437578814748e-01
1.929382093316519553e-01
1.924337957124842291e-01
1.800756620428751453e-01
2.012610340479192850e-01
2.037831021437578882e-01
2.105926860025220670e-01
1.745271122320302681e-01
1.861286254728877765e-01
1.883984867591425028e-01
2.012610340479192850e-01
1.846153846153846256e-01
1.848675914249684749e-01
1.896595208070618044e-01
1.773013871374527206e-01
1.954602774274905308e-01
1.737704918032786927e-01
4.943253467843632121e-02
5.447667087011349302e-02
8.549810844892812012e-02
5.598991172761664387e-02
7.339218158890289945e-02
5.397225725094577375e-02
6.254728877679698040e-02
5.548549810844893154e-02
6.305170239596469273e-02
7.112232030264817317e-02
6.708701134930643295e-02
8.475957620211899135e-02
7.071656949407560677e-02
8.701648799448311045e-02
7.422732117108644945e-02
7.197040937872233035e-02
7.899191273274402958e-02
5.918124255532568323e-02
6.118738637076045345e-02
6.620274590934738246e-02
