9.304893350062735102e-01
9.176913425345043507e-01
9.884567126725219977e-01
9.887076537013801403e-01
8.710163111668758340e-01
8.544542032622334249e-01
8.521957340025093641e-01
9.854454203262232870e-01
8.552070263488080748e-01
8.657465495608531736e-01
8.722710163111668802e-01
8.767879548306147797e-01
8.572145545796737709e-01
8.429109159347553115e-01
8.675031367628607271e-01
8.624843161856963203e-01
8.664993726474278235e-01
8.624843161856963203e-01
8.712672521957339766e-01
8.547051442910915675e-01
8.685069008782936306e-01
8.662484316185696809e-01
8.572145545796737709e-01
8.619824341279799240e-01
8.521957340025093641e-01
8.652446675031367773e-01
8.562107904642408673e-01
8.547051442910915675e-01
8.652446675031367773e-01
8.654956085319950310e-01
8.659974905897114272e-01
8.757841907151819871e-01
8.634880803011292238e-01
8.682559598494353770e-01
8.562107904642408673e-01
8.755332496863237335e-01
8.624843161856963203e-01
8.506900878293600643e-01
8.672521957340024734e-01
8.690087829360100269e-01
8.592220828105395780e-01
8.612296110414052741e-01
8.624843161856963203e-01
8.567126725219573746e-01
8.549560853199498212e-01
8.604767879548306242e-01
8.644918444165621274e-01
8.629861982434128276e-01
8.654956085319950310e-01
8.624843161856963203e-01
8.617194343636591647e-01
8.409460643223626297e-01
8.604680265298461084e-01
8.584657739957451961e-01
8.699787260668251365e-01
8.652233762983356780e-01
8.642222500312851663e-01
8.649730947315730223e-01
8.547115504943061381e-01
8.609685896633713087e-01
8.544612689275434825e-01
8.689775997997747359e-01
8.794894256038042757e-01
8.532098610937304262e-01
8.592166186960330521e-01
8.654736578650982226e-01
8.589663371292703964e-01
8.609685896633713087e-01
8.654736578650982226e-01
8.659742209986234229e-01
8.597171818295582524e-01
8.642222500312851663e-01
8.544612689275434825e-01
8.699787260668251365e-01
6.104367413340007209e-01
3.669127768739832152e-01
3.734200976098110414e-01
3.644099612063571580e-01
3.586534851708171878e-01
3.551495432361406746e-01
3.458891252659241911e-01
3.606557377049180446e-01
3.599048930046301886e-01
3.771743211112501548e-01
3.709172819421849843e-01
3.706670003754223286e-01
3.546489801026154187e-01
3.528970091352771621e-01
3.836816418470779810e-01
3.486422225003128483e-01
3.604054561381554445e-01
3.626579902390189014e-01
3.729195344762858411e-01
3.831810787135527252e-01
3.731698160430484412e-01
3.664122137404580148e-01
3.681641847077962715e-01
3.528970091352771621e-01
3.744212238768614420e-01
1.706920285320986108e-01
1.782004755349768377e-01
1.776999124014516374e-01
1.989738455762733171e-01
1.744462520335377242e-01
1.832061068702290074e-01
1.761982230008759809e-01
1.814541359028907508e-01
1.834563884369916076e-01
1.646852709297960127e-01
1.844575147040420360e-01
1.897134276060568059e-01
1.809535727693655227e-01
1.659366787636090690e-01
1.844575147040420360e-01
1.859592041046176925e-01
1.792016018020272938e-01
1.604304842948316989e-01
1.631835815292203840e-01
1.852083594043298642e-01
1.947190589413089756e-01
1.887123013390063775e-01
1.694406206982855823e-01
1.857089225378550923e-01
1.832061068702290074e-01
1.852083594043298642e-01
1.784507571017394656e-01
1.917156801401576904e-01
1.919659617069202906e-01
1.641847077962708124e-01
1.766987861344012090e-01
1.999749718433237455e-01
1.974721561756976607e-01
1.962207483418846321e-01
1.549242898260543011e-01
1.804530096358403224e-01
1.681892128644725259e-01
1.869603303716681209e-01
1.857089225378550923e-01
1.812038543361281506e-01
7.183080966086848040e-02
7.833813039669627887e-02
6.857714929295456729e-02
6.957827556000500957e-02
5.130772118633462886e-02
5.806532348892504136e-02
3.779251658115379692e-02
7.658615942935802223e-02
6.332123639093981127e-02
7.283193592791890880e-02
6.131898385683894059e-02
6.287968935930356162e-02
7.841172418112356268e-02
8.066637439719420710e-02
6.137658921525646766e-02
5.711780547378968870e-02
5.536418863906807791e-02
7.189829022358615318e-02
6.212813928728001811e-02
5.661677209244066200e-02
