9.314724003520683526e-01
9.206588708663397957e-01
9.878033446498176717e-01
9.857915252106123072e-01
8.648308814283918178e-01
8.605557651200804736e-01
8.655853137180937740e-01
9.880548220797183978e-01
8.577895133911731529e-01
8.504966679240537619e-01
8.585439456808751091e-01
8.585439456808751091e-01
8.582924682509744940e-01
8.645794039984910917e-01
8.675971331572991385e-01
8.665912234376964562e-01
8.545203068024644910e-01
8.655853137180937740e-01
8.613101974097824298e-01
8.580409908210737679e-01
8.628190619891864532e-01
8.580409908210737679e-01
8.567836036715704706e-01
8.525084873632591265e-01
8.497422356343518057e-01
8.638249717087891355e-01
8.613101974097824298e-01
8.484848484848485084e-01
8.530114422230604676e-01
8.643279265685904766e-01
8.648308814283918178e-01
8.512511002137558291e-01
8.711178171759084155e-01
8.585439456808751091e-01
8.605557651200804736e-01
8.648308814283918178e-01
8.550232616622658322e-01
8.577895133911731529e-01
8.630705394190871793e-01
8.582924682509744940e-01
8.600528102602791325e-01
8.535143970828618087e-01
8.648308814283918178e-01
8.547717842323651061e-01
8.675971331572991385e-01
8.502451904941531469e-01
8.655853137180937740e-01
8.567836036715704706e-01
8.673456557273984124e-01
8.580409908210737679e-01
8.667841853437421307e-01
8.524301183580962338e-01
8.546965499874087380e-01
8.682951397632837631e-01
8.708133971291865949e-01
8.695542684462351790e-01
8.592294132460337464e-01
8.652732309242004982e-01
8.567111558801309146e-01
8.612440191387560340e-01
8.715688743389574666e-01
8.607403676655753788e-01
8.516746411483253620e-01
8.685469654998740907e-01
8.771090405439435633e-01
8.534374213044573221e-01
8.514228154117350345e-01
8.652732309242004982e-01
8.592294132460337464e-01
8.675396625535130024e-01
8.584739360362628746e-01
8.640141022412490823e-01
8.614958448753462505e-01
8.690506169730546349e-01
6.119365399143792406e-01
3.638881893729539185e-01
3.387056157139259893e-01
3.661546210022664227e-01
3.749685217829262229e-01
3.958700579199194158e-01
3.563334172752455342e-01
3.540669856459330300e-01
3.694283555779400707e-01
3.729539158902039908e-01
3.696801813145303428e-01
3.505414253336691099e-01
3.512969025434399262e-01
3.520523797532107979e-01
3.752203475195164950e-01
3.633845378997733744e-01
3.591035003777385826e-01
3.704356585243011590e-01
3.538151599093427579e-01
3.857970284563082553e-01
3.724502644170234467e-01
3.689247041047595266e-01
3.721984386804331191e-01
3.757239989926970392e-01
3.465122135482246457e-01
1.840846134474943274e-01
1.791383219954648665e-01
1.801461325270849179e-01
1.892164273116654083e-01
1.995464852607709838e-01
1.718316956412194452e-01
1.720836482741244511e-01
1.763668430335096904e-01
1.803980851599899238e-01
1.950113378684807386e-01
1.781305114638447873e-01
1.909800957420005052e-01
1.887125220458553687e-01
1.821617535903250207e-01
1.856890904509952145e-01
1.617535903250189033e-01
1.751070798689846331e-01
1.672965482489292000e-01
1.856890904509952145e-01
1.642731166540690457e-01
1.796422272612748783e-01
1.846812799193751631e-01
1.685563114134542573e-01
1.864449483497102600e-01
1.607457797933988519e-01
2.010582010582010470e-01
1.947593852355757049e-01
1.816578483245149811e-01
1.751070798689846331e-01
1.945074326026706990e-01
1.912320483749055111e-01
1.723356009070294848e-01
1.776266061980347755e-01
1.803980851599899238e-01
1.690602166792642969e-01
1.889644746787604024e-01
1.854371378180902086e-01
1.864449483497102600e-01
1.844293272864701572e-01
1.771227009322247359e-01
5.517762660619803666e-02
8.037288989669942596e-02
7.482993197278911546e-02
5.719324766943814642e-02
5.517762660619803666e-02
6.475182665658855974e-02
5.291005291005290712e-02
6.147644242882337878e-02
4.913076341647770046e-02
5.542957923910304951e-02
7.407407407407406996e-02
4.986777483944087458e-02
4.961591739075683211e-02
7.026822818284850225e-02
7.555723460521344970e-02
7.782395164336984583e-02
6.699408134995592234e-02
7.631280695126557712e-02
6.523107920916761115e-02
6.800151114469210611e-02
