8.954647796719202857e-01
8.838854937278868285e-01
8.771952396268897223e-01
1.078160180122225836e-01
1.258282405918301761e-01
1.114184625281440938e-01
1.201672563525249260e-01
1.170794467674493439e-01
1.196526214216789979e-01
1.057574782888388576e-01
1.057574782888388576e-01
1.080733354776455407e-01
1.075587005467996127e-01
8.440012865873271208e-02
1.209392087487938250e-01
9.803795432614988148e-02
1.073013830813766417e-01
1.011257639112254775e-01
1.018977163074943765e-01
1.157928594403345168e-01
1.350916693470569363e-01
1.013830813766484346e-01
1.091026053393374107e-01
1.307172724348665271e-01
1.137343197169507908e-01
9.880990672241878048e-02
9.572209713734319836e-02
1.080733354776455407e-01
1.060147957542618147e-01
8.980379543261499120e-02
1.186233515599871280e-01
1.299453200385976281e-01
9.134770022515277532e-02
1.036989385654551316e-01
1.103891926664522377e-01
9.314892248311354428e-02
1.127050498552589208e-01
8.620135091669346716e-02
1.096172402701833387e-01
1.119330974589900357e-01
1.070440656159536846e-01
1.096172402701833387e-01
1.047282084271469876e-01
1.330331296236731964e-01
1.103891926664522377e-01
1.119330974589900357e-01
1.067867481505307137e-01
1.229977484721775510e-01
1.206818912833708540e-01
1.145062721132196898e-01
1.246674268339034580e-01
1.294818193335867118e-01
1.140250855188141427e-01
1.226403142024578702e-01
1.310021538071709235e-01
1.125047510452299449e-01
1.033827442037248134e-01
9.527429367794247594e-02
1.011022424933485375e-01
9.299379196756620003e-02
1.074369694666159891e-01
1.102242493348536689e-01
1.175725326238439145e-01
1.061700240719624933e-01
1.087039148612694850e-01
1.117445838084378529e-01
1.130115292030913487e-01
1.119979728873685548e-01
1.168123653870518225e-01
8.716584315216013845e-02
1.028759660458634234e-01
1.315089319650322996e-01
9.248701380970479613e-02
8.716584315216013845e-02
-5.574559736475357893e-03
9.020651209932852022e-02
8.209806157354618272e-02
1.041429114405169193e-01
1.234004814392499622e-01
9.223362473077410806e-02
7.956417078423920486e-02
8.817939946788293237e-02
6.740149499556569168e-02
9.628784999366526987e-02
7.525655644241732722e-02
8.944634486253642824e-02
1.016090206512099275e-01
9.248701380970479613e-02
8.488534144178386254e-02
8.817939946788293237e-02
8.209806157354618272e-02
7.804383631065500704e-02
1.160521981502597305e-01
7.018877486380337150e-02
1.028759660458634234e-01
9.147345749398201609e-02
8.463195236285316059e-02
7.322944381097175326e-02
9.274040288863549808e-02
2.280501710376282853e-03
-1.930894308943089527e-02
-1.270325203252032492e-02
-1.524390243902439077e-03
-1.651422764227642240e-02
-1.676829268292683028e-02
5.589430894308943139e-03
-3.810975609756097476e-02
-9.146341463414633596e-03
-1.321138211382113896e-02
-2.261178861788618044e-02
-1.194105691056910647e-02
-6.605691056910569479e-03
-1.397357723577235741e-02
-2.464430894308942965e-02
-2.616869918699187003e-02
-3.074186991869918770e-02
4.319105691056910647e-03
-9.146341463414633596e-03
-1.854674796747967508e-02
-4.065040650406504495e-03
-1.295731707317073107e-02
1.016260162601626124e-03
-2.134146341463414795e-02
-3.302845528455284480e-02
-9.654471544715447634e-03
-1.219512195121951262e-02
1.524390243902439077e-03
8.892276422764227445e-03
-1.016260162601626124e-03
-1.981707317073170757e-02
-4.573170731707316798e-03
-8.892276422764227445e-03
1.016260162601626124e-03
-6.859756097560975631e-03
-5.081300813008130619e-04
-3.328252032520324921e-02
-2.566056910569105773e-02
-6.351626016260162461e-03
-4.446138211382114069e-02
5.386178861788618044e-02
6.148373983739837539e-02
6.758130081300812997e-02
6.605691056910568959e-02
7.139227642276423091e-02
4.420731707317072934e-02
5.106707317073170410e-02
5.030487804878049085e-02
8.155487804878049085e-02
6.529471544715446940e-02
5.513211382113820946e-02
5.754325044955664603e-02
5.977553171699634404e-02
7.490543808519874169e-02
8.805109443789917167e-02
5.109443789917529621e-02
5.159050040305078466e-02
4.886215663173559820e-02
5.828734420536987870e-02
7.292118806969678790e-02
