-9.072113896626431417e-01
-8.255029402661714366e-01
-8.334261838440111259e-01
-6.841225626740946586e-01
-6.472299597647787062e-01
-5.600742804085422355e-01
-4.664809656453110520e-01
-4.080470442587434410e-01
-3.503559269575982626e-01
-3.607551841535128201e-01
-3.327762302692665042e-01
-4.290931600123800704e-01
-4.340451872485298623e-01
-6.162797895388424374e-01
-6.576292169606933191e-01
-6.630764469204580847e-01
-7.163107397090684447e-01
-7.425564840606623251e-01
-7.707830393067162111e-01
-7.720210461157536175e-01
-7.234911792014856458e-01
-7.891055400804704023e-01
-7.264623955431754876e-01
-6.462395543175487589e-01
-5.840916125038687623e-01
-4.617765397709687192e-01
-4.315691736304549941e-01
-4.627669452181987220e-01
-4.382544103992572215e-01
-4.233983286908077903e-01
-3.986381925100588308e-01
-3.149489322191272311e-01
-5.496750232126276225e-01
-4.432064376354070134e-01
-5.727019498607242021e-01
-6.551532033426183954e-01
-6.544103992571959072e-01
-6.754565150108325922e-01
-6.940266171463943534e-01
-7.056638811513463727e-01
-7.539461467038068854e-01
-4.748994119467657149e-01
-5.801299907149489732e-01
-4.030950170225936491e-01
-2.869699783348808597e-01
-2.659238625812441748e-01
-2.438873413803775980e-01
-1.515320334261838486e-01
-3.213865676261219440e-01
-4.335499845249148887e-01
-4.787931247681463942e-01
-4.812662297514529453e-01
-6.271794237665389016e-01
-5.920613330035859878e-01
-7.392110795103251641e-01
-7.209101026338567975e-01
-7.322863855570669323e-01
-7.317917645604056220e-01
-6.375664646964264159e-01
-5.955236799802151593e-01
-6.106096203783850651e-01
-5.017930011128972634e-01
-4.540620749350809948e-01
-4.389761345369110890e-01
-3.588475330777791683e-01
-2.876221095585507759e-01
-3.014714974650674062e-01
-1.201929021886979088e-01
-2.623964387288240663e-01
-2.319772474341535717e-01
-2.878694200568814310e-01
-1.951279831828861000e-01
-4.236428836404105280e-01
-3.783850624459008105e-01
-2.836651415852602942e-01
-4.335353035736366767e-01
-4.332879930753060216e-01
-4.698899468282428660e-01
-4.879436132063806331e-01
-4.424384815135402604e-01
-4.520835909484357540e-01
-4.003956967973290593e-01
-3.578582910844565479e-01
-3.905032768641028551e-01
-4.132558427105230692e-01
-4.167181896871522406e-01
-3.506862866328675499e-01
-3.229875108198342892e-01
-3.610733275627550642e-01
-3.489551131445529641e-01
-2.767404476320019513e-01
-3.665141585260294210e-01
-3.492024236428836192e-01
-4.045999752689501405e-01
-3.672560900210213863e-01
-4.263632991220477342e-01
-4.382342030419191237e-01
-3.791269939408927758e-01
-3.479658711512303437e-01
-3.197724743415357729e-01
-2.965897134369004373e-01
-3.451135730643065114e-01
-3.107012440428297273e-01
-3.688803614532401021e-01
-3.329826081574549512e-01
-2.948567184502073335e-01
-2.975799962864393300e-01
-3.097109611932908346e-01
-3.215943553877576022e-01
-3.186235068391409242e-01
-2.738132078975057393e-01
-3.282787646221452249e-01
-3.423902952280745149e-01
-3.428854366528439890e-01
-3.569969672587732790e-01
-3.498174165996162377e-01
-3.612056693693135867e-01
-3.334777495822244253e-01
-3.404097295289967295e-01
-2.574735408801138714e-01
-2.342018939159497548e-01
-2.644055208268861756e-01
-2.547502630438819304e-01
-2.002847063192424448e-01
-2.406387324379525849e-01
-2.512842730704957783e-01
-2.785170514328155211e-01
-3.067401126446741566e-01
-2.247942068453301911e-01
-2.294980503806399730e-01
-2.483134245218790725e-01
-3.156526582905242462e-01
-2.770316271585071544e-01
-2.445998638361081834e-01
-2.554929751810360861e-01
-2.960945720121309632e-01
-2.537599801943429823e-01
-2.493037073714179652e-01
-1.824596150275422379e-01
-2.653958036764250683e-01
-2.688617936498112204e-01
-2.636628086897320200e-01
-2.864393142291267180e-01
-2.589589651544222382e-01
-1.569598316519155712e-01
-2.183573683233273610e-01
-2.272699139691774506e-01
-2.262796311196385579e-01
-1.965711456334715557e-01
-2.186049390357120703e-01
-2.154840313160183984e-01
-2.025599602336274341e-01
-1.839194730955635571e-01
-2.373555362246800027e-01
-2.013172610910898552e-01
-2.152354914875108660e-01
-2.127500932024356806e-01
-2.055424381757176566e-01
-1.953523052069094101e-01
