-9.175200148948053913e-01
-8.787935207596351272e-01
-8.758526603001364208e-01
-8.574972094753813279e-01
-8.906742475743155696e-01
-8.852357703479389883e-01
-8.758543556604946323e-01
-8.614390456070585289e-01
-8.867667121418826293e-01
-8.877588986729505471e-01
-8.868744567242021759e-01
-8.883645846268470869e-01
-8.860444886293028510e-01
-8.852988691437803093e-01
-8.905426356589147829e-01
-8.888062015503875868e-01
-8.876773434111888683e-01
-8.695867666191685608e-01
-8.869576013408653203e-01
-8.824880501582965664e-01
-8.809523809523809312e-01
-8.697916666666666297e-01
-8.939515879403207022e-01
-8.974184362038011287e-01
-8.893032506681584071e-01
-8.860712287898564465e-01
-8.693389504987298899e-01
-8.762778018710116745e-01
-8.699962820671706121e-01
-8.794150452348493685e-01
-8.896035623724410923e-01
-8.863875316964562323e-01
-8.832619623906162731e-01
-8.869856637497672835e-01
-8.996839952909102545e-01
-8.915050498791746714e-01
-8.920327624720774118e-01
-8.808637379002234313e-01
-8.955260874953525629e-01
-8.883380840252819155e-01
-8.876216450753114939e-01
-8.816711089072087892e-01
-9.007643074628720603e-01
-9.059839681849251036e-01
-8.841137746863743097e-01
-8.873431871817165639e-01
-8.801980198019802026e-01
-8.821782178217821846e-01
-8.718839141758650824e-01
-8.723800074413989858e-01
-8.682824025289779257e-01
-8.814231699002045284e-01
-8.943976202280614629e-01
-8.981160138820030170e-01
-8.689073545826615508e-01
-8.636983752945553983e-01
-8.896876549330688944e-01
-9.013386217154188973e-01
-8.746904408122833097e-01
-7.875185735512629792e-01
-8.100229485827699083e-01
-8.229237734912857594e-01
-8.294256295744945051e-01
-8.271926559980151694e-01
-8.306930693069306537e-01
-8.138613861386138071e-01
-8.166192654878199342e-01
-8.181031284778038648e-01
-8.165695150688329074e-01
-7.528215304477241521e-01
-7.557843806215495119e-01
-7.480925500899447966e-01
-7.513634110064452143e-01
-7.513634110064452143e-01
-7.597350337398626197e-01
-7.277905033120782852e-01
-7.373431414971873821e-01
-7.323978487976756657e-01
-7.763524818739542255e-01
-7.748652165830079985e-01
-7.640170993123102106e-01
-7.729384796481011399e-01
-7.611135222270444256e-01
-7.804575609151218618e-01
-6.893986360818350478e-01
-7.226286422814630628e-01
-7.562534914033890443e-01
-7.632052634845757355e-01
-7.548199119707396099e-01
-7.424214245862005290e-01
-7.196134308016355341e-01
-7.344814768925783666e-01
-7.639612807148176143e-01
-7.580044676098287582e-01
-7.478704221849157285e-01
-7.249891189454703566e-01
-7.372072853425846173e-01
-7.530665345062569349e-01
-7.290945076694705929e-01
-6.709549727857496704e-01
-6.641481389731839213e-01
-6.552300736979005391e-01
-6.710542654911213489e-01
-6.680740096858314159e-01
-6.966989327376520436e-01
-7.024075452965996558e-01
-6.784697288597251186e-01
-6.901077132598737451e-01
-7.019284429838159589e-01
-6.863024741117380589e-01
-6.792733585467171098e-01
-6.755533511067022268e-01
-7.025347912524850802e-01
-6.831510934393638657e-01
-6.706720346856611670e-01
-6.738928460823784272e-01
-6.748725599900534666e-01
-6.696506278751709340e-01
-6.971931346427907572e-01
-7.006629902720118430e-01
-7.017674418604651354e-01
-6.955658914728681808e-01
-6.793154761904761640e-01
-6.855158730158730229e-01
-7.090864075266154476e-01
-7.061153750928447215e-01
-7.073564073936235985e-01
-7.182731671008559804e-01
-6.827149770442982879e-01
-6.943789552053604153e-01
-7.096734213298629967e-01
-6.935613806779451496e-01
-6.549243363929545536e-01
-6.804763086082857848e-01
-6.883374689826302628e-01
-6.923076923076922906e-01
-7.338514143612060447e-01
-7.316133043207957432e-01
-7.222910984378874133e-01
-6.798909000743863507e-01
-6.526667905593755981e-01
-6.402775196679675318e-01
-6.400894187779433420e-01
-6.460506706408345456e-01
-6.749643940801287600e-01
-6.769459409251347148e-01
-6.423828730995966296e-01
-6.470989761092149628e-01
-5.929972684380432346e-01
-6.203128880059597394e-01
-6.465848518656254207e-01
-6.322052807735217828e-01
-6.220619325954482859e-01
-6.024126352443726073e-01
-5.968560465404134652e-01
-6.025498205223418502e-01
-5.790386521308226175e-01
-6.010901883052527372e-01
-5.994050570153693913e-01
-6.113039167079821201e-01
-6.606188641729837663e-01
-6.695662979992543784e-01
-6.401985111662531480e-01
-6.580645161290322731e-01
-5.952439930641565402e-01
-5.845925191974238322e-01
-6.529448233106013300e-01
-6.534407935523868227e-01
-6.325200223505308417e-01
-6.394735208294530793e-01
-6.105888174171202332e-01
-6.100940128649183780e-01
-6.068572137144274681e-01
-6.177692355384710732e-01
-6.423248882265275572e-01
-6.634376552409338990e-01
-6.543607532210109490e-01
-6.583250743310208319e-01
-6.433964599579156118e-01
-6.711226636960019309e-01
-6.546896295378515918e-01
-6.608846487424111515e-01
-6.551212271152894173e-01
-6.382978723404255650e-01
-6.537890044576523119e-01
-6.513125309559187892e-01
-6.620110005562078737e-01
-6.768432111735986911e-01
-6.463316145865689588e-01
-6.520469652730322974e-01
-6.505799888344395709e-01
-6.476025060480119500e-01
-6.784653465346535128e-01
-6.680693069306931076e-01
-6.189766517635370002e-01
-6.241927471435667618e-01
-5.963348192174343643e-01
-6.030212976721148754e-01
-6.430517711171661599e-01
