-8.316197089063960268e-01
-7.237281345974095892e-01
-7.522206018825401408e-01
-5.287021079146227986e-01
-5.054886919719613347e-01
-4.562888506811268452e-01
-3.933730947647448573e-01
-3.451292246520874518e-01
-3.047044157207532411e-01
-1.432976838790105678e-01
-2.249703986317589666e-01
-3.457439810551243276e-01
-3.925097598094355877e-01
-3.649837887911069889e-01
-5.081880612783941098e-01
-3.277865821447437655e-01
-4.032675831839011571e-01
-6.001195457262402666e-01
-5.475366178428762165e-01
-6.873501997336883829e-01
-5.025232403718459251e-01
-4.818061088977423911e-01
-4.394119984108065258e-01
-3.874983445901205026e-01
-2.455887176123319193e-01
-4.442112167923909505e-01
-2.991345709189403568e-01
-2.925282420558895646e-01
-3.091736463760469400e-01
-2.672294400844160145e-01
-2.933175635718509588e-01
-2.867468296208686707e-01
-2.665442382107955921e-01
-3.971928904046697628e-01
-5.036978859873028069e-01
-4.749001898029975854e-01
-5.631131889115691402e-01
-4.827813261341937223e-01
-5.946552292972616671e-01
-6.313427911580336005e-01
-5.812976096664039805e-01
-5.524034672970843385e-01
-4.117956819378620348e-01
-3.659820958399157553e-01
-3.740684561102683992e-01
-2.664380399657059750e-01
-2.804670077397349859e-01
-2.156631247540338470e-01
-2.206788101166295424e-01
-2.335211636744856378e-01
-3.444092827004219259e-01
-3.283227848101265556e-01
-4.097455916004845711e-01
-5.104320904563198757e-01
-5.302017952352028329e-01
-5.466693662684753985e-01
-6.136272006450745886e-01
-5.370245934686198597e-01
-5.669016448472641301e-01
-3.104397448808324800e-01
-3.299052228271828757e-01
-3.180748806883108015e-01
-1.379588002415620962e-01
-1.425216399382674692e-01
-2.508128193218764346e-01
-2.269258841483643985e-01
-1.394446303111408492e-01
-1.472064235530277654e-01
-2.460597193589146858e-01
-2.348872780474828836e-01
-2.059835848557055871e-01
-9.001853322742918093e-03
-1.470393429593323531e-01
-1.965823287852695722e-01
-2.536076964190272509e-01
-3.001068947087119354e-01
-2.932605947708070149e-01
-2.828820437761958573e-01
-2.418604651162790664e-01
-1.512292358803986603e-01
-1.901979014477354346e-01
-1.418515075043166318e-01
-1.892593332002395767e-01
-1.112663871697611023e-01
-1.489956099507782350e-01
-1.290408407609418551e-01
-1.495752224229045524e-01
-1.364639775235801655e-01
-6.131916896389430494e-02
-2.525381563907752036e-01
-1.792157645962319523e-01
-2.415285267292457128e-01
-2.490459931713195352e-01
-2.179821918725312890e-01
-2.380984086823356993e-01
-1.973500233038151808e-01
-2.159643166233939093e-01
-2.577724519006723836e-01
-2.347286200680953339e-01
-1.556846251418652904e-01
-1.903746167177709503e-01
-1.538461538461538547e-01
-1.959970546890688892e-01
-1.657406787602918596e-01
-1.540508181455367831e-01
-1.830517493680989816e-01
-8.102687525070197128e-02
-1.588447653429602979e-01
-1.455085374907201246e-01
-2.024701356549908904e-01
-1.408413205537806245e-01
-1.102236421725239640e-01
-1.258769292443375487e-01
-1.133159617825883619e-01
-2.231310760978880425e-01
-1.783439490445859754e-01
-2.494491553715697529e-01
-2.561260599586032138e-01
-2.121496580394260367e-01
-1.488534263108488576e-01
-1.704751055417811356e-01
-1.870937479059170405e-01
-1.931954636424282890e-01
-1.376917945296864676e-01
-1.381329429769113104e-01
-1.309468361168407702e-01
-1.978684898451638918e-01
-1.568469736577518536e-01
-1.614058803649881801e-01
-1.678945589726258958e-01
-2.050737149687873462e-01
-1.654934254217027556e-01
-1.230563897230563947e-01
-1.769769769769769796e-01
-1.776585038577658537e-01
-1.728279100972827942e-01
-1.212525873005274729e-01
-1.241904253188221979e-01
-1.398078975453575234e-01
-1.390074706510138758e-01
-1.013389341034392210e-01
-1.296928327645051060e-01
-1.297679905623279617e-01
-1.205924760781229566e-01
-7.909900471451021542e-02
-1.068622315348349977e-01
-1.289983579638752098e-01
-1.452873563218390895e-01
-1.168992857610903630e-01
-9.776554616342310322e-02
-1.461759331767162606e-01
-1.480031323414252031e-01
-8.636870775086959162e-02
-1.215462361357222548e-01
-9.421953940030182439e-02
-1.178400367429958684e-01
-1.366939443535188092e-01
-1.406219312602291216e-01
-1.237329147864757034e-01
-1.124844679877051862e-01
-1.041367610596372201e-01
-1.333681325851494293e-01
-8.162200925744833580e-02
-9.309602972814394473e-02
-1.103032684875876052e-01
-1.144953166961420049e-01
-1.048503072297032324e-01
-1.100797489867956641e-01
-9.589310277068185950e-02
-8.698500032750376698e-02
-1.209751010298526913e-01
-1.175857124234128553e-01
-6.802276146248936728e-02
-1.075282883118582056e-01
-8.958742632612966272e-02
-1.807465618860510867e-02
-4.441251387891058389e-02
-3.657501142969107107e-03
-4.974147522743634781e-03
2.853589894626611806e-02
-2.092460602890211172e-02
2.615575753612764073e-04
-1.833900969347655383e-02
-2.043489651558815651e-02
-1.073438931797355590e-02
-2.068333551511978077e-02
-3.149193019288807315e-03
-4.146437475396929501e-02
-2.850232071648035534e-02
2.614891808851408858e-03
-1.151983243880089040e-02
-2.382510799842911531e-02
0.000000000000000000e+00
-1.289558523587078058e-02
-9.164102899783988995e-03
-2.094652091379197410e-03
-1.181257382858642846e-02
1.128757054731592026e-02
-4.443573155590407019e-03
