9.392722710163111666e-01
8.785445420326223331e-01
8.504391468005019217e-01
8.381430363864491584e-01
9.066499372647427446e-01
9.076537013801756482e-01
9.011292346298619416e-01
8.705144291091593267e-01
8.619824341279799240e-01
8.993726474278544991e-01
8.504391468005019217e-01
8.941028858218318387e-01
8.795483061480552367e-01
8.351317440401505587e-01
8.085319949811794471e-01
8.564617314930991210e-01
8.910915934755332390e-01
8.998745294855708954e-01
9.033877038895860023e-01
8.883312421580928930e-01
9.156838143036386546e-01
8.913425345043914927e-01
8.863237139272270859e-01
8.936010037641154424e-01
8.898368883312421929e-01
8.838143036386448825e-01
8.055207026348808474e-01
8.564617314930991210e-01
8.150564617314931537e-01
8.511919698870765716e-01
8.808030112923462829e-01
8.800501882057716330e-01
8.685069008782936306e-01
8.637390213299874775e-01
8.785445420326223331e-01
8.652446675031367773e-01
9.016311166875784489e-01
9.186951066499372542e-01
8.760351317440401298e-01
8.245922208281053489e-01
8.045169385194479439e-01
8.273525721455458060e-01
8.243412797992472063e-01
8.677540777917189807e-01
8.675031367628607271e-01
8.245922208281053489e-01
7.972396486825595874e-01
7.716436637390213793e-01
7.874529485570891385e-01
8.223337515683813992e-01
8.965085721436616417e-01
8.982605431109998984e-01
7.638593417594794488e-01
8.174195970466775485e-01
8.141659366787635799e-01
8.552121136278313385e-01
8.374421223876861164e-01
8.159179076461018365e-01
8.244274809160305750e-01
8.114128394443749226e-01
6.725065698911275591e-01
7.743711675635089886e-01
7.743711675635089886e-01
7.986484795394819258e-01
8.206732574145914061e-01
7.443373795519959701e-01
7.395820297835064006e-01
7.393317482167438559e-01
8.066574896758853530e-01
8.559629583281190834e-01
8.236766362157427190e-01
7.420848454511325132e-01
7.250656989112751472e-01
7.318233012138656290e-01
4.372418971342760807e-01
7.383306219496934553e-01
7.558503316230759106e-01
7.205606307095482332e-01
6.850206482292579002e-01
6.449755975472406533e-01
7.153047178075334633e-01
7.032912026029283226e-01
7.278187961456639155e-01
7.408334376173194569e-01
6.544862970842197925e-01
5.976723814291077241e-01
6.209485671380302607e-01
6.935302214991866387e-01
7.798773620322863032e-01
7.393317482167438559e-01
7.355775247153046870e-01
7.218120385433612896e-01
6.900262795645101255e-01
7.248154173445126025e-01
7.636090601927167931e-01
6.877737454636465575e-01
7.733700412964584769e-01
6.827681141283944433e-01
5.220873482668001442e-01
6.574896758853709944e-01
6.922788136653735824e-01
6.357151795770241698e-01
6.852709297960205559e-01
5.611312726817669905e-01
6.221999749718433170e-01
5.288449505693905150e-01
6.514829182830684795e-01
6.524840445501188801e-01
6.782630459266675294e-01
6.622450256538605640e-01
6.412213740458014843e-01
5.706419722187461296e-01
6.932799399324239831e-01
6.374671505443624264e-01
6.104367413340007209e-01
5.904142159929921529e-01
5.641346514829183034e-01
6.807658615942935310e-01
6.727568514578901038e-01
6.692529095232135905e-01
6.599924915529971070e-01
6.547365786509823371e-01
6.872731823301213572e-01
6.302089851082467442e-01
5.748967588537103879e-01
6.156926542360154908e-01
6.870229007633588125e-01
6.312101113752972559e-01
6.129395570016268335e-01
6.134401201351520339e-01
5.761481666875234442e-01
6.216994118383181167e-01
6.682517832561631899e-01
6.309598298085346002e-01
6.602427731197597627e-01
5.686397196846452173e-01
6.544862970842197925e-01
6.632461519209110756e-01
6.604930546865223073e-01
6.044299837316982060e-01
5.956701288950069229e-01
6.099361782004755206e-01
5.781504192216243565e-01
4.895507445876611241e-01
5.120760855962958047e-01
5.483669127768739937e-01
6.026780127643599494e-01
5.926667500938556099e-01
5.673883118508321610e-01
6.389688399449380274e-01
5.320974509926723606e-01
5.295922840859271785e-01
5.989854074027681774e-01
6.140164088432391587e-01
5.764389052420617610e-01
5.123066324293855667e-01
5.273376338698565480e-01
5.416170852383039858e-01
6.062503914323291720e-01
