-9.271148279189449504e-01
-8.326793181087166484e-01
-8.671598584753940075e-01
-7.179157285300740154e-01
-6.690254100997105047e-01
-5.820521067867481246e-01
-5.022836925056287649e-01
-3.800578964297201545e-01
-3.635895786426503462e-01
-3.463493084593116667e-01
-3.015760694757156912e-01
-4.245738179478932284e-01
-4.217433258282405895e-01
-6.345448697330331456e-01
-6.700546799614023330e-01
-6.983596011579286111e-01
-7.451913798649083542e-01
-7.770987455773560315e-01
-7.956256030878096075e-01
-8.105500160823415623e-01
-7.449340623994853416e-01
-8.156963653908009260e-01
-7.603731103248633216e-01
-6.860083628176262271e-01
-5.959472499195882511e-01
-5.282727565133483738e-01
-4.590543583145705875e-01
-5.107751688645867372e-01
-4.595689932454165572e-01
-4.328079768414281325e-01
-3.875201029269861874e-01
-3.041492441299453175e-01
-5.758764876165969326e-01
-4.623994853650691406e-01
-6.165326471534254837e-01
-6.919266645223544066e-01
-6.893534898681248357e-01
-6.821486008362818154e-01
-7.122547442907687376e-01
-7.312962367320682278e-01
-7.778706979736249583e-01
-4.809263428755226610e-01
-5.985204245738179329e-01
-3.893213251849469425e-01
-3.010614345448697216e-01
-2.722418784174975848e-01
-2.475394017368929001e-01
-1.855258925699581896e-01
-3.152138951431328606e-01
-4.374396912190414710e-01
-4.882807550994552326e-01
-4.733307994425440257e-01
-6.301786393006461040e-01
-6.010388952236158655e-01
-7.105029773216774425e-01
-7.165843152160141782e-01
-7.561130115292030718e-01
-7.490181173191435837e-01
-6.661598885088052535e-01
-6.053465095654377848e-01
-6.132015710122893370e-01
-4.892943114151779849e-01
-4.576206765488407546e-01
-4.819460281261877532e-01
-3.699480552388191845e-01
-3.066007855061446685e-01
-3.010262257696693089e-01
-1.122513619662992568e-01
-2.744203724819460066e-01
-2.262764474851133856e-01
-2.908906626124413974e-01
-2.179146078804003461e-01
-4.330419358925630124e-01
-3.907259597111364391e-01
-2.536424680096288076e-01
-4.274673761560876528e-01
-4.464715570758900354e-01
-4.626884581274546826e-01
-4.834663625997719372e-01
-4.596477891802863147e-01
-4.218928164196122932e-01
-4.284809324718104606e-01
-3.534777651083238492e-01
-3.843912327378690152e-01
-4.239199290510579088e-01
-4.231597618142657891e-01
-3.780565057646015359e-01
-3.286456353731154190e-01
-3.481565944507791777e-01
-3.131889015583428360e-01
-3.063473964272139805e-01
-3.737488914227796721e-01
-3.555048777397694093e-01
-3.927530723425820547e-01
-4.142911440516913735e-01
-3.963005194476117987e-01
-4.449512226023058514e-01
-3.760293931331559758e-01
-3.988344102369187905e-01
-3.344735841885214667e-01
-2.939532520325203180e-01
-3.661077235772357552e-01
-3.201219512195122019e-01
-3.777947154471544833e-01
-3.368902439024390461e-01
-2.794715447154471621e-01
-3.521341463414633943e-01
-2.883638211382114069e-01
-2.962398373983740063e-01
-3.130081300813007950e-01
-2.947154471544715659e-01
-3.229166666666666852e-01
-3.048780487804877981e-01
-3.414634146341463672e-01
-3.523882113821138473e-01
-3.399390243902439268e-01
-3.488313008130081161e-01
-3.361280487804877981e-01
-3.104674796747967647e-01
-2.393292682926829174e-01
-1.941056910569105565e-01
-2.670223577235772416e-01
-2.621951219512195230e-01
-2.182418699186991773e-01
-2.037601626016260215e-01
-2.527947154471544833e-01
-2.837906504065040858e-01
-2.848069105691056757e-01
-2.357723577235772416e-01
-2.261178861788617767e-01
-2.748983739837398410e-01
-3.203760162601625994e-01
-2.728658536585366057e-01
-2.517784552845528379e-01
-2.639735772357723609e-01
-2.698170731707317249e-01
-2.812500000000000000e-01
-2.591463414634146423e-01
-2.144308943089430763e-01
-2.708333333333333148e-01
-2.860772357723577186e-01
-2.860772357723577186e-01
-2.832825203252032353e-01
-2.273882113821138196e-01
-1.852134146341463394e-01
-2.014735772357723609e-01
-2.090955284552845628e-01
-1.994410569105690978e-01
-2.002032520325203180e-01
-2.220528455284552782e-01
-2.048738141005766733e-01
-2.076021578718918459e-01
-1.733738451044831708e-01
-2.093383766354560693e-01
-2.103305016432070462e-01
-2.021454703292615007e-01
-2.435666894028647722e-01
-2.016494078253860123e-01
-1.793265951509890321e-01
