-8.735347019785399958e-01
-8.576567636295974184e-01
-8.378093406934193910e-01
-6.998697512869813675e-01
-4.748495937480617934e-01
-5.621782546672455805e-01
-7.095453699683681448e-01
-7.725609377907337594e-01
-7.685914532034980873e-01
-7.747937728710537764e-01
-7.616448551758357999e-01
-7.728090305774359958e-01
-7.147553184891148881e-01
-7.589158345221113100e-01
-7.177324319295416144e-01
-6.961483594864479318e-01
-6.700986168827141043e-01
-7.623891335359423982e-01
-7.842212987657384282e-01
-7.564349066550890566e-01
-7.440302673199776784e-01
-7.353470197853997359e-01
-7.063201637412391820e-01
-6.862246480183589181e-01
-6.772933076970787392e-01
-7.016064007938969116e-01
-7.286485145444395739e-01
-7.301370712646529926e-01
-6.896979470321900063e-01
-6.641443900018606517e-01
-7.298889784779507561e-01
-6.733238231098430671e-01
-6.152701110215220703e-01
-5.874837189108726987e-01
-6.192395956087576314e-01
-6.048502139800285837e-01
-6.817589778577187731e-01
-6.358618123178068071e-01
-7.353470197853997359e-01
-7.388203187992309351e-01
-6.219686162624821213e-01
-5.363766048502139894e-01
-4.820442845624263728e-01
-4.909756248837064962e-01
-4.428456242634745132e-01
-6.175029461018420873e-01
-5.269490789555293375e-01
-5.611858835204366347e-01
-5.214910376480803578e-01
-5.792966569496992291e-01
-6.086795022596421800e-01
-4.365752491797189605e-01
-3.920014857921129137e-01
-4.118120472977155888e-01
-4.563858106853216356e-01
-4.724818919086237745e-01
-4.833777007367052736e-01
-5.180461833715099829e-01
-5.061598464681483778e-01
-5.321612084442518542e-01
-4.544047545347613681e-01
-4.318702408221383182e-01
-5.177985513526899286e-01
-4.402897294620194413e-01
-5.725252275119172563e-01
-6.522627375719680654e-01
-6.490435213273075821e-01
-6.792546276233516478e-01
-5.975360614127406267e-01
-5.764873398130377913e-01
-5.410759611217730303e-01
-4.791679564167646843e-01
-3.142450318826224276e-01
-4.132978394106358033e-01
-2.288119853897108980e-01
-3.984399182814337692e-01
-4.697579397016033997e-01
-4.848634928496254326e-01
-3.796198848511112556e-01
-4.650529313440227575e-01
-3.868012133968922184e-01
-3.731814523617904000e-01
-2.931963102829195922e-01
-3.600569553643286347e-01
-4.167646876741162854e-01
-4.544047545347613681e-01
-4.378134092738191208e-01
-4.120596793165356431e-01
-4.549000185724014211e-01
-4.048783507707546803e-01
-3.147402959202624806e-01
-2.379743700860521283e-01
-3.707051321735900240e-01
-3.437132421222063861e-01
-3.568377391196681514e-01
-3.776388287005509881e-01
-4.199839039187767131e-01
-3.850677892651520051e-01
-3.442085061598464946e-01
-2.830433975112982004e-01
-2.571069182389937313e-01
-2.867924528301886711e-01
-3.413836477987421403e-01
-3.366037735849056745e-01
-3.340880503144654234e-01
-3.449056603773584806e-01
-3.393710691823899617e-01
-2.953459119496855134e-01
-3.911949685534591437e-01
-3.235220125786163470e-01
-3.413836477987421403e-01
-3.325786163522012617e-01
-3.358490566037735658e-01
-3.081761006289308047e-01
-3.683018867924528483e-01
-3.574842767295597357e-01
-3.964779874213836264e-01
-3.662893081761006142e-01
-3.084276729559748409e-01
-2.095597484276729427e-01
-3.542138364779874316e-01
-3.076729559748427878e-01
-3.008805031446540879e-01
-2.865408805031446349e-01
-2.908176100628930838e-01
-2.789937106918238818e-01
-3.250314465408805087e-01
-3.149685534591195046e-01
-3.509433962264150719e-01
-3.403773584905660510e-01
-2.729559748427672905e-01
-2.797484276729559904e-01
-3.026415094339622858e-01
-3.285534591194968490e-01
-3.041509433962263920e-01
-3.383647798742138169e-01
-3.013836477987421603e-01
-2.893081761006289221e-01
-2.762264150943396501e-01
-2.784905660377358649e-01
-2.442767295597484400e-01
-2.440251572327044038e-01
-2.266666666666666552e-01
-2.077987421383647726e-01
-2.601257861635219992e-01
-2.704402515723270395e-01
-2.548427672955974610e-01
-3.044025157232704282e-01
-1.997484276729559749e-01
-2.739622641509433798e-01
-2.303374329864396053e-01
-2.323557237464522196e-01
-2.212551245663828547e-01
-1.564175339009776233e-01
-1.488489435509303127e-01
-2.310942920214443530e-01
-2.530432040365815372e-01
-2.270577105014191244e-01
-1.589403973509933843e-01
