-7.886471144749290785e-01
-8.131188899400819681e-01
-7.626616209397666379e-01
-5.272784610532954552e-01
-5.827814569536423628e-01
-5.560391043834752578e-01
-3.675812046672973787e-01
-4.621885840428887060e-01
-4.669820245979186546e-01
-4.175339009776095622e-01
-3.284768211920529590e-01
-3.516871649321980375e-01
-4.245979186376537262e-01
-4.351939451277199722e-01
-5.096184169031851008e-01
-5.716808577735730257e-01
-6.839482812992746519e-01
-7.114474929044465323e-01
-7.313781141595711022e-01
-7.379375591296121195e-01
-7.702302112898139486e-01
-7.038789025543992217e-01
-6.006937874487543461e-01
-6.155786818038473385e-01
-5.444339325134026630e-01
-4.339325134027121056e-01
-5.144118574582150494e-01
-3.448754336171554469e-01
-2.770104068117313356e-01
-2.641438032166508743e-01
-3.708609271523178874e-01
-4.134973194575843336e-01
-4.314096499526963169e-01
-4.773257647429832717e-01
-5.053295490381582988e-01
-4.420056764427625628e-01
-4.074424471775465184e-01
-6.284452853989277443e-01
-6.763796909492273413e-01
-7.364238410596026796e-01
-7.576158940397350605e-01
-7.021128981393881530e-01
-5.797540208136234829e-01
-5.608325449385052064e-01
-4.210659098076316442e-01
-4.170293282876064156e-01
-4.006307158625039277e-01
-3.231788079470198638e-01
-3.968464206874802724e-01
-4.167770419426048423e-01
-2.497627633327006991e-01
-2.743088505092680651e-01
-2.591257038021129722e-01
-2.854431580945150926e-01
-3.719870943252989171e-01
-4.630859745682292528e-01
-5.519073828050863328e-01
-6.166888087556146036e-01
-6.503447839564749922e-01
-6.298475359018156361e-01
-6.222559625482381174e-01
-6.202315429872841124e-01
-6.784336053647118669e-01
-6.753969760232808595e-01
-5.544379072562788391e-01
-4.144999051053330774e-01
-3.616119440754096415e-01
-3.469349022584930498e-01
-2.905042069969001051e-01
-2.107926867843360474e-01
-2.181312076927943433e-01
-1.971278547478965137e-01
-4.150060099955715787e-01
-4.423356740684507016e-01
-1.462643132789270550e-01
-5.412791801100778066e-01
-4.868729044094388669e-01
-5.627886379452141652e-01
-4.739672297083570296e-01
-4.671348136901372627e-01
-4.823179603972923557e-01
-4.357563104953501854e-01
-5.010438413361169019e-01
-5.035743657873094081e-01
-4.575188207756057390e-01
-4.446131460745239572e-01
-4.134876953248560749e-01
-3.798317201239956864e-01
-2.750680078446258170e-01
-3.375719617890807767e-01
-4.494211425317897191e-01
-3.940026570506737769e-01
-3.355475422281267717e-01
-3.598405769595748871e-01
-3.631302587461251452e-01
-4.425887265135699522e-01
-2.993610425760738769e-01
-4.501802998671474709e-01
-4.147529575504523280e-01
-4.623268172328715009e-01
-4.913123143994440056e-01
-3.262778795728817904e-01
-3.851645921526505312e-01
-4.253490870032223259e-01
-3.416945725658684374e-01
-3.755607506160358877e-01
-3.143994439881215852e-01
-4.395021166361281484e-01
-2.929171668667466810e-01
-2.322613255828647194e-01
-2.812914639540026740e-01
-2.388323750552852620e-01
-3.442218992860301974e-01
-4.450622354204840092e-01
-2.891261767865040966e-01
-1.855057812598723821e-01
-4.122069880583812407e-01
-3.947684336892651746e-01
-2.522272066721425454e-01
-8.390724710937005892e-02
-3.108611865798951435e-01
-2.906425728186011193e-01
-1.885385733240664552e-01
-2.775004738737600340e-01
-1.746382763631768587e-01
-3.419473052378846356e-01
-2.211410880141530255e-01
-2.218992860302015646e-01
-3.626713843432109452e-01
-3.343653250773993557e-01
-2.823023946420673558e-01
-2.236684147343147855e-01
-2.737094837935173941e-01
-2.972136222910216619e-01
-2.019334049409237386e-01
-2.239211474063309559e-01
-2.062298603651987194e-01
-2.287230681746382777e-01
-1.827257218676944517e-01
-3.659569090794212443e-01
-3.942629683452328337e-01
-2.959499589309407819e-01
-3.204650281165097869e-01
-3.247614835407847123e-01
-3.272888102609464722e-01
-4.008340178176533763e-01
-3.202122954444935887e-01
-3.189486320844127087e-01
-2.636001769128704098e-01
-3.687369684715991469e-01
-3.221781055019852791e-01
-3.544463351610260271e-01
-3.123463792777462777e-01
-3.398247935967732003e-01
-2.483141110480872327e-01
-2.397428625449045114e-01
-1.989033843826810422e-01
-1.926009957773996417e-01
-2.710027100271002465e-01
