9.100817438692098138e-01
8.387416398315581390e-01
8.503839484765914891e-01
8.439435224176368155e-01
8.070349269259351477e-01
8.513747832548922423e-01
8.261084964082239246e-01
8.114936834282883149e-01
8.295764181322764497e-01
8.404756006935842905e-01
8.394847659152836483e-01
8.092643051771116758e-01
7.859796878870448644e-01
8.122368095120138243e-01
8.216497399058706463e-01
8.067872182313599039e-01
8.370076789695318764e-01
8.518702006440426189e-01
8.531087441169185048e-01
8.003467921724052303e-01
7.513004706465197247e-01
7.582363140946247748e-01
7.480802576170423324e-01
8.218974486004458901e-01
8.035670052018826226e-01
8.258607877136487918e-01
8.154570225414912166e-01
7.847411444141689785e-01
7.651721575427297140e-01
7.067129056229873862e-01
7.901907356948228989e-01
7.743373792420114032e-01
7.844934357195937347e-01
7.991082486995293443e-01
7.758236314094624220e-01
8.355214268020807467e-01
8.072826356205102805e-01
8.070349269259351477e-01
8.270993311865246778e-01
7.735942531582858939e-01
7.282635620510280461e-01
7.347039881099826086e-01
7.404012880852117728e-01
7.862273965816199972e-01
7.696309140450829922e-01
7.748327966311617798e-01
6.997770621748823361e-01
6.636115927669060666e-01
6.081248451820658874e-01
7.129056229873668160e-01
7.754289977617507823e-01
6.416314349664262728e-01
5.864212882367569879e-01
6.339219099726436379e-01
6.383984083561302647e-01
7.090276050733648194e-01
7.172345187764237462e-01
7.421039542402387834e-01
6.222332753046505571e-01
5.667744342203432373e-01
6.112907237005720251e-01
5.585675205172843105e-01
6.393931857746829595e-01
5.839343446903755286e-01
6.286993285252424624e-01
5.426510818204426378e-01
5.811987067893559233e-01
5.916438696841581635e-01
6.366575478736632432e-01
7.070380502362596520e-01
7.689629445411588771e-01
7.077841333001740898e-01
6.247202188510321275e-01
6.707286744590897909e-01
4.963939318577468285e-01
4.138274061178811025e-01
4.812235762248197046e-01
5.317085302163641058e-01
5.501119124595871268e-01
5.891569261377767042e-01
5.327033076349166896e-01
5.113155931360358064e-01
4.976374036309375581e-01
4.891817955732404855e-01
5.473762745585675216e-01
5.543397164884357187e-01
5.570753543894553239e-01
5.371798060184034274e-01
4.837105197712012195e-01
5.190251181298184413e-01
3.698085053469286065e-01
4.297438448147227197e-01
4.620741109176821904e-01
5.414076100472519082e-01
5.533449390698831349e-01
5.312111415070878140e-01
5.376771947276797192e-01
5.719970156677443018e-01
5.642874906739616669e-01
3.874658045262372452e-01
4.310322827612607099e-01
4.272042873548551611e-01
4.573178512185785416e-01
5.486793415847901478e-01
5.052953936455276684e-01
4.922802092637488802e-01
4.848794181446982043e-01
4.374122751052698654e-01
4.534898558121730483e-01
3.965803241036110482e-01
4.550210539747352456e-01
4.116371060354727662e-01
3.807579430904682871e-01
4.927906086512696127e-01
4.606354472374633025e-01
4.782442261069286826e-01
4.246522904172514989e-01
4.103611075666709351e-01
4.866658160010208234e-01
4.644634426438688513e-01
4.836034196758963732e-01
4.376674747990302317e-01
4.904938114074263167e-01
4.067883118540257525e-01
3.873931351282378643e-01
4.902386117136659505e-01
5.050401939517672467e-01
4.968738037514354722e-01
5.004465994640806548e-01
4.282250861298966260e-01
4.185274977670026542e-01
3.827995406405512169e-01
4.437922674492790764e-01
4.828378205946152746e-01
4.723746331504402041e-01
4.688018374377950770e-01
4.246522904172514989e-01
4.292458849049380909e-01
4.409850708179149925e-01
3.835651397218323155e-01
3.537067755518693568e-01
3.605971672833992447e-01
3.718259538088554139e-01
3.958147250223299496e-01
3.710603547275743153e-01
3.812683424779890196e-01
3.657011611586066246e-01
3.830547403343115831e-01
3.003700395559525393e-01
3.628939645272425407e-01
3.457907668433984338e-01
3.243243243243243423e-01
3.059614638562007105e-01
3.543256174835122119e-01
3.377731798784430195e-01
3.791542738911160004e-01
3.362213888529678174e-01
2.914780809517651394e-01
3.326005431268589385e-01
