-8.967054743621500901e-01
-8.986871439187515964e-01
-8.875402526628685118e-01
-4.111964329947981334e-02
-6.514738667327223121e-02
-5.845925191974238322e-02
-7.678969531830567852e-02
-6.564280406242259391e-02
-7.381719098340351615e-02
-8.446866485013623804e-02
-8.471637354471141246e-02
-8.768887787961357483e-02
-6.341342581124596867e-02
-7.233093881595244190e-02
-6.217488233837007577e-02
-8.991825613079018620e-02
-7.753282140203121564e-02
-5.920237800346792034e-02
-5.895466930889273899e-02
-4.756006935843447997e-02
-1.030468169432747078e-01
-8.570720832301213787e-02
-5.994550408719345747e-02
-8.248699529353480109e-02
-6.366113450582115696e-02
-7.678969531830567852e-02
-7.183552142680207919e-02
-5.870696061431756457e-02
-6.564280406242259391e-02
-8.620262571216250058e-02
-7.084468664850136765e-02
-5.821154322516720186e-02
-4.111964329947981334e-02
-7.480802576170424156e-02
-7.703740401288085293e-02
-5.226653455536289100e-02
-8.174386920980926396e-02
-4.161506068863016911e-02
-5.920237800346792034e-02
-6.019321278176863882e-02
-6.787218231359920528e-02
-6.341342581124596867e-02
-3.690859549170175807e-02
-8.124845182065890126e-02
-6.044092147634382017e-02
-8.298241268268516380e-02
-6.787218231359920528e-02
-5.523903889026504643e-02
-4.780777805300966132e-02
-8.199157790438443838e-02
-6.391444914200447580e-02
-6.316836607809002413e-02
-8.132305396667495467e-02
-7.336483461825415997e-02
-6.291967172345187820e-02
-6.267097736881373227e-02
-6.888833623476747769e-02
-8.430738622233274748e-02
-7.411091768216861164e-02
-8.032827654812235707e-02
-7.734394429246456426e-02
-6.888833623476747769e-02
-7.634916687391196666e-02
-8.007958219348421114e-02
-6.515792091519521934e-02
-6.267097736881373227e-02
-6.068142253170853012e-02
-8.032827654812235707e-02
-8.256652573986569821e-02
-9.027605073364834698e-02
-6.217358865953742653e-02
-7.062919671723451309e-02
-7.137527978114896476e-02
-6.018403382243223132e-02
-7.038050236259636716e-02
-5.023625963690624141e-02
-3.183287739368316493e-02
-4.377020641631435005e-02
-4.625714996269584406e-02
-5.620492414822183397e-02
-6.093011688634668299e-02
-4.675453867197214286e-02
-4.377020641631435005e-02
-3.307634916687391541e-02
-5.695100721213628564e-02
-6.117881124098482892e-02
-3.705545884108430582e-02
-4.874409350907734501e-02
-4.401890077095249598e-02
-5.297189753792588829e-02
-5.744839592141258444e-02
-4.178065157920915484e-02
-1.392688385973638379e-02
-3.879631932355135510e-02
-4.476498383486694765e-02
-5.719970156677443157e-02
-4.575976125341954526e-02
-4.377020641631435005e-02
-6.018403382243223132e-02
-6.590400397910967101e-02
-7.094551486538215601e-02
-5.665433201480158526e-02
-6.482072221513333898e-02
-8.345029985964017016e-02
-3.521755773893071179e-02
-5.359193568967716981e-02
-6.533112160265407142e-02
-7.579430904682914194e-02
-6.150312619624856425e-02
-8.089830292203649409e-02
-6.762791884649738128e-02
-7.655990812811024060e-02
-7.222151333418400099e-02
-6.124792650248819803e-02
-5.512313385223937406e-02
-6.660712007145591640e-02
-6.482072221513333898e-02
-6.099272680872783181e-02
-7.604950874058950816e-02
-3.751435498277402164e-02
-4.772234273318871900e-02
-5.001913997703202885e-02
-7.809110629067245180e-02
-6.915911700905959247e-02
-4.823274212070945838e-02
-6.175832589000893047e-02
-6.941431670281995869e-02
-5.180553783335459933e-02
-4.287354855174174001e-02
-4.746714303942835278e-02
-7.145591425290290233e-02
-4.159755008293990197e-02
-6.048232742120709243e-02
-6.048232742120709243e-02
-3.598315682021181738e-02
-4.491514610182467671e-02
-6.609672068393518396e-02
-7.094551486538215601e-02
-8.396069924716090260e-02
-5.180553783335459933e-02
-5.231593722087533177e-02
-5.537833354599974722e-02
-5.257113691463570493e-02
-6.252392497129002913e-02
-5.001913997703202885e-02
-3.572795712645145116e-02
-4.083195100165879637e-02
-3.674875590149291604e-02
-5.052953936455276129e-02
-4.210794947046063441e-02
-3.827751196172248654e-02
-5.948532264321738233e-02
-3.491529807319281031e-02
-4.784688995215310992e-02
-5.095047200310358348e-02
-3.362213888529678313e-02
-4.681236260183628539e-02
-5.353679037889564479e-02
-4.267425320056898730e-02
