-8.628192999053926338e-01
-8.479344055502996413e-01
-8.655944497004099958e-01
-8.280037842951750715e-01
-8.315357931251970980e-01
-8.277514979501734427e-01
-8.512141280353200390e-01
-8.166508987701041056e-01
-8.297697887101860292e-01
-8.317880794701987268e-01
-8.184169031851150633e-01
-8.350678019552191245e-01
-8.343109429202144600e-01
-8.474298328602963837e-01
-8.239672027751497874e-01
-8.234626300851466407e-01
-8.338063702302113134e-01
-8.368338063702301932e-01
-8.277514979501734427e-01
-8.257332071901608561e-01
-8.353200883002207533e-01
-8.227057710501418653e-01
-8.272469252601702960e-01
-8.247240618101545628e-01
-8.222011983601387186e-01
-8.285083569851782181e-01
-8.141280353200882614e-01
-8.325449385052033913e-01
-8.385998107852412620e-01
-8.300220750551876581e-01
-8.335540838852096845e-01
-8.204351939451277609e-01
-8.209397666351309075e-01
-8.229580573951434941e-01
-8.333017975402081667e-01
-8.368338063702301932e-01
-8.290129296751813648e-01
-8.116051718700725282e-01
-8.277514979501734427e-01
-8.373383790602333399e-01
-8.277514979501734427e-01
-8.234626300851466407e-01
-8.290129296751813648e-01
-8.310312204351939513e-01
-8.158940397350993301e-01
-8.219489120151372008e-01
-8.327972248502050201e-01
-8.312835067801954692e-01
-8.222011983601387186e-01
-8.312835067801954692e-01
-8.391219080154361798e-01
-8.451951666982981948e-01
-8.388688555703169847e-01
-8.444360093629404984e-01
-8.302650724362624635e-01
-8.464604289238945034e-01
-8.406402226861516835e-01
-8.424115898019864934e-01
-8.353261213386474759e-01
-8.284937053204276536e-01
-8.322894919972164685e-01
-8.289998102106661548e-01
-8.338078066679319722e-01
-8.312772822167394660e-01
-8.229265515278041399e-01
-8.378566457898399822e-01
-8.368444360093629797e-01
-8.244448661985196436e-01
-8.274814955399506511e-01
-8.368444360093629797e-01
-8.158410830644651224e-01
-8.327955968874549697e-01
-8.279876004301891523e-01
-8.484848484848485084e-01
-7.477699753273866490e-01
-6.546466755235021973e-01
-6.736256089074460496e-01
-6.743847662428038570e-01
-6.637565635477953307e-01
-6.680584551148225358e-01
-6.738786613525653557e-01
-6.409818434870626636e-01
-6.688176124501803432e-01
-6.708420320111343482e-01
-6.784336053647118669e-01
-6.609729866514835184e-01
-6.718542417916113507e-01
-6.748908711330423582e-01
-6.690706648952995383e-01
-6.840007591573353807e-01
-6.703359271208958470e-01
-6.650218257733915284e-01
-6.571771999746947035e-01
-6.789397102549503682e-01
-6.700828746757765408e-01
-6.685645600050610371e-01
-6.690706648952995383e-01
-6.683115075599418420e-01
-6.622382488770798270e-01
-5.944201935851205487e-01
-6.121185316231755325e-01
-6.207114424717254941e-01
-6.040310861186579672e-01
-6.012510267264801200e-01
-6.065584128388197271e-01
-5.999873633663992400e-01
-5.850761357174448785e-01
-6.121185316231755325e-01
-5.974600366462374801e-01
-6.100966702470461689e-01
-5.863397990775257584e-01
-5.924053832059139602e-01
-6.015037593984962072e-01
-6.040310861186579672e-01
-6.088330068869652889e-01
-5.949327099260757201e-01
-5.949327099260757201e-01
-5.969545713022050837e-01
-5.850761357174448785e-01
-5.939217792380110383e-01
-5.825488089972831185e-01
-5.982182346622859637e-01
-5.982182346622859637e-01
-5.913944525178492784e-01
-6.068111455108359253e-01
-5.918999178618815638e-01
-5.939217792380110383e-01
-6.052947494787388472e-01
-6.030201554305932854e-01
-5.964491059581726873e-01
-6.004928287104315254e-01
-6.207114424717254941e-01
-6.040310861186579672e-01
-6.184368484235799324e-01
-5.828015416692993167e-01
-5.951854425980919183e-01
-6.194477791116446141e-01
-6.009982940544639218e-01
-5.911417198458330802e-01
-5.423643141467112683e-01
-5.395842547545334211e-01
-5.547482150755038699e-01
-5.337714032981614176e-01
-5.309913439059834595e-01
-5.266948884817084231e-01
-5.441334428508245447e-01
-5.522208883553421099e-01
-5.249257597775952577e-01
-5.534845517154229899e-01
-5.264421558096923359e-01
-5.122581458372723606e-01
-5.256192096804689351e-01
-5.051994705993571033e-01
-5.155353879120186944e-01
-5.268796874015251319e-01
-4.973845087288082389e-01
-5.135186235583285574e-01
-5.107455725720048134e-01
-5.236024453267787981e-01
