8.797370216460956849e-01
8.683247534577932525e-01
8.658438255907709991e-01
3.895056751224958147e-02
-8.683247534577932109e-03
-1.612603113564473056e-02
-2.431309309681821060e-02
-1.761458785585809025e-02
-1.017180425479129180e-02
-1.141226818830242545e-02
-1.562984556224027849e-02
-3.473299013831172757e-03
-9.923711468089065329e-04
-2.480927867022266332e-04
4.465670160640079073e-03
5.209948520746758918e-03
-2.729020653724492998e-02
-2.977113440426719382e-03
-1.860695900266699787e-02
-1.984742293617813153e-02
-2.034360850958258360e-02
-5.706134094151212727e-03
-2.654592817713824840e-02
-1.736649506915586378e-03
2.480927867022266441e-03
-1.860695900266699787e-02
2.133597965639149122e-02
-2.853067047075606363e-02
-2.828257768405383760e-02
-1.687030949575141214e-02
4.217577373937853036e-03
-1.513365998883582468e-02
3.969484587235626132e-03
-1.215654654840910530e-02
-1.488556720213359691e-03
2.480927867022266332e-04
2.232835080320039536e-03
-1.066798982819574561e-02
-5.209948520746758918e-03
-2.208025801649816933e-02
-2.282453637660485091e-02
-2.232835080320039536e-02
3.473299013831172757e-03
-2.530546424362711821e-02
7.442783601066798455e-04
-1.587793834894250453e-02
-2.232835080320039536e-03
3.721391800533399661e-03
5.954226880853438764e-03
-1.736649506915586378e-03
-1.782950535504240763e-02
-2.476320188200334393e-03
-1.213396892218163853e-02
-4.952640376400668787e-03
-7.428960564601003180e-03
2.723952207020367833e-03
-1.535318516684207324e-02
2.476320188200334393e-03
4.209744319940568469e-03
-3.120163437132421336e-02
-1.188633690336160509e-02
-1.807713737386244107e-02
-1.040054479044140445e-02
-1.981056150560267515e-02
-1.882003343032254139e-02
-7.428960564601003180e-03
-3.442085061598464807e-02
-2.228688169380300954e-03
-1.981056150560267515e-03
-1.213396892218163853e-02
-1.361976103510183916e-02
-3.392558657834458119e-02
-1.015291277162137101e-02
-3.219216244660434711e-03
4.482139540642605252e-02
-3.466848263480468151e-03
7.428960564601003180e-03
-2.971584225840401272e-03
-6.686064508140902862e-03
-1.040054479044140445e-02
-1.238160094100167197e-03
1.238160094100167197e-03
-2.476320188200334393e-04
-7.181328545780969741e-03
-1.064817680926143789e-02
1.956292948678264171e-02
-6.933696526960936302e-03
-1.461028911038197292e-02
-4.952640376400668787e-04
5.943168451680802544e-03
-1.485792112920200636e-02
5.695536432860769105e-03
1.089580882808147133e-02
-1.213396892218163853e-02
-8.171856621061103498e-03
-1.188633690336160509e-02
9.905280752801337574e-03
-1.163870488454157165e-02
7.428960564601003180e-04
6.636538104376896174e-02
8.125786163522012717e-02
6.213836477987421530e-02
6.440251572327043705e-02
6.666666666666666574e-02
5.685534591194968401e-02
7.949685534591194314e-02
8.100628930817610485e-02
5.735849056603773560e-02
6.591194968553458489e-02
8.503144654088050369e-02
6.213836477987421530e-02
6.943396226415093908e-02
5.710691823899371328e-02
8.100628930817610485e-02
6.088050314465408980e-02
5.987421383647798662e-02
6.742138364779874660e-02
6.540880503144654023e-02
8.427672955974842284e-02
4.805031446540880546e-02
7.119496855345912312e-02
6.465408805031445938e-02
7.069182389937106459e-02
5.987421383647798662e-02
7.496855345911949964e-02
7.245283018867924862e-02
7.371069182389937413e-02
6.993710691823899761e-02
8.830188679245283556e-02
4.503144654088050286e-02
5.735849056603773560e-02
6.842767295597483590e-02
7.220125786163522630e-02
8.805031446540879936e-02
5.358490566037735908e-02
5.534591194968553618e-02
6.264150943396226690e-02
6.641509433962264342e-02
6.792452830188679125e-02
-1.962264150943396346e-02
-2.012578616352201158e-03
1.660377358490566085e-02
-2.716981132075471650e-02
-7.547169811320754776e-03
-8.301886792452830427e-03
1.333333333333333419e-02
1.056603773584905738e-02
3.270440251572327098e-03
3.044025157232704490e-02
-3.270440251572327098e-03
1.387574897508672342e-02
-8.073163040050457262e-03
0.000000000000000000e+00
8.830022075055187630e-03
-3.279722485020498263e-03
2.749921160517187005e-02
-1.866918953011668242e-02
4.288867865026805420e-03
1.337117628508356984e-02
