-8.085396884503196491e-01
-6.635635822007075468e-01
-6.622845094877837235e-01
-5.350365868783331091e-01
-6.363018354860638937e-01
-5.648600210122983745e-01
-5.403255871753448458e-01
-6.066857213868522836e-01
-5.774525610814833509e-01
-5.186655091157137409e-01
-4.425679870855581677e-01
-4.890103067179932816e-01
-4.491114701130856091e-01
-7.098297502174722995e-01
-7.424496124031008115e-01
-7.858604651162790500e-01
-7.969766433306486597e-01
-7.850814695495942352e-01
-8.380408467316406984e-01
-7.866410081321000280e-01
-7.978670634920634885e-01
-7.566964285714286031e-01
-6.705875069646505260e-01
-5.854020924905590784e-01
-5.439741438249735550e-01
-4.703834918267139065e-01
-4.810110897713896216e-01
-3.563595811907564470e-01
-3.794770107820051863e-01
-3.767505267071508124e-01
-3.134392974209908034e-01
-3.401570907291731061e-01
-3.870166945944268355e-01
-4.689381244957487871e-01
-4.265443955635417339e-01
-4.840448602763492425e-01
-5.716058575328866187e-01
-6.058575328865724030e-01
-6.662535630189614366e-01
-7.857231379353080136e-01
-7.021632678361122704e-01
-7.755532139093782584e-01
-6.790530044118561204e-01
-5.928043248617411720e-01
-5.708607626381816402e-01
-3.813190907961743759e-01
-3.700495049504950451e-01
-3.977722772277227925e-01
-3.876968870147587953e-01
-3.068336847327297612e-01
-1.802516580921093292e-01
-1.730614268889853202e-01
-1.883986117997025200e-01
-3.626673277144273899e-01
-4.030757782463103012e-01
-7.166067220637479807e-01
-7.302925136341100742e-01
-7.248388696083292171e-01
-7.038137691926696915e-01
-6.213472015849430541e-01
-3.914904174161136230e-01
-4.026545928177138189e-01
-3.299838729686143113e-01
-1.180994913782409117e-01
-2.566831683168316891e-01
-2.584158415841584233e-01
-2.371707678990973289e-01
-2.643749227154692516e-01
-1.394022076150316369e-01
-2.507751457273967310e-01
-2.414242292661745448e-01
-2.808758761863408004e-01
-2.969757064947942671e-01
-3.591968269707486172e-01
-4.794155884355847386e-01
-4.702532037392435083e-01
-4.445818136860975600e-01
-4.557087222599987553e-01
-5.024477907913490471e-01
-5.098841172460804039e-01
-4.842326993370918986e-01
-4.753113190013010247e-01
-5.518011036022072435e-01
-5.170810341620682982e-01
-5.101053936763794150e-01
-3.610663360198387850e-01
-3.321953944509962176e-01
-3.349264477686053065e-01
-9.174880664558923357e-03
-2.983076064720104337e-01
-3.900384091190682856e-01
-4.281997274191550185e-01
-4.671134276495408355e-01
-4.075452965996524957e-01
-4.695641360442703305e-01
-4.277808866505005136e-01
-4.524842027010283485e-01
-4.851939041011026910e-01
-3.233547748639287733e-01
-4.841662543295398580e-01
-5.152659936830370491e-01
-5.061002043723292765e-01
-5.168260275673661752e-01
-3.834595802806407550e-01
-5.112931248448746580e-01
-3.933978654753040316e-01
-4.256530890181998150e-01
-2.419215055094713351e-01
-2.413344081354250603e-01
-3.241768462826316033e-01
-3.107446214892429781e-01
-3.047926095852191430e-01
-2.721172962226640069e-01
-2.253976143141153132e-01
-4.328275007742334868e-01
-4.969959739857541248e-01
-4.714658709436777562e-01
-4.045754071863732482e-01
-3.462420224301381855e-01
-4.002726315137244972e-01
-3.328992248062015435e-01
-3.192558139534883987e-01
-2.852182539682539542e-01
-2.718253968253968034e-01
-2.314929437979698079e-01
-1.455805892547660241e-01
-3.106314353057933464e-01
-2.205681677211264180e-01
-2.106961161434421081e-01
-4.325598709517309848e-01
-2.629980789489991810e-01
-2.917518745739604569e-01
-3.535102952121061959e-01
-3.698834036219300625e-01
-3.215880893300248067e-01
-3.153846153846153744e-01
-2.113770593720857849e-01
-3.130867267640659035e-01
-2.715100421522440022e-01
-4.272253905281428454e-01
-3.944743851824319969e-01
-2.926345784550579143e-01
-3.199205166418281343e-01
-2.064083457526080523e-01
-3.757508204842405219e-01
-2.642888104526596171e-01
-3.261557555072913672e-01
-2.919019547005894943e-01
-3.004718152470822190e-01
-3.163645393593245703e-01
-3.337052187926118907e-01
-2.861038800049584552e-01
-2.546946897152095324e-01
-3.708493968411888941e-01
-9.877460081693278937e-02
-1.839336551553410193e-01
-2.175421209117938681e-01
-5.599603567888999239e-02
-2.431829449677739285e-01
-1.631135349529003464e-01
-1.804399154964582974e-01
-1.603081893873493091e-01
-1.620347394540943009e-01
-1.679900744416873426e-01
-8.645033440673767500e-02
-2.298736685657666590e-01
-1.718536887786732692e-01
-2.288902665840049644e-01
-1.959396535667722039e-01
-2.284720928788725458e-01
-1.553686293913904004e-01
-2.679366650173181652e-01
-1.391282782565565201e-01
-1.416082832165664329e-01
-1.880278191753601558e-01
-6.308991554893193798e-02
-7.507433102081267906e-02
2.056491575817641360e-02
-2.599331600445599702e-02
1.113999257333828444e-02
-2.230206913641432243e-03
-2.106306529550241655e-02
-4.626422563087580209e-02
6.927263730826323414e-03
-5.200594353640416306e-02
-5.968301139177811104e-02
-1.127248006921698353e-01
-6.723935479883814959e-02
-2.286140274585326398e-02
4.472883145927812783e-03
1.290242540785311101e-02
-7.443706966069102773e-03
-5.222772277227722554e-02
9.653465346534653366e-03
-2.757078986587183436e-02
6.905116741182315554e-02
4.185240217929667855e-02
-2.798415056958890659e-02
2.402774337379242134e-02
