-8.771486349848331976e-01
-8.683013144590495669e-01
-8.930738119312436885e-01
-8.556622851365015547e-01
-8.498483316481294514e-01
-8.389787664307380988e-01
-8.488372093023255349e-01
-8.463094034378160213e-01
-8.445399393326592508e-01
-8.412537917087967720e-01
-8.556622851365015547e-01
-8.508594539939332568e-01
-8.586956521739130821e-01
-8.602123356926187903e-01
-8.521233569261880136e-01
-8.483316481294236322e-01
-8.501011122345804027e-01
-8.614762386248736581e-01
-8.518705763397370623e-01
-8.495955510616785000e-01
-8.637512639029322203e-01
-8.521233569261880136e-01
-8.551567239635995410e-01
-8.564206268958544088e-01
-8.473205257836198268e-01
-8.468149646107179240e-01
-8.316481294236602873e-01
-8.518705763397370623e-01
-8.657735085945399423e-01
-8.581900910010110684e-01
-8.506066734074823055e-01
-8.501011122345804027e-01
-8.458038422649140076e-01
-8.629929221435793663e-01
-8.503538928210313541e-01
-8.536400404448938328e-01
-8.561678463094034575e-01
-8.503538928210313541e-01
-8.536400404448938328e-01
-8.480788675429726808e-01
-8.493427704752275487e-01
-8.458038422649140076e-01
-8.460566228513650699e-01
-8.531344792719919301e-01
-8.511122345803842082e-01
-8.581900910010110684e-01
-8.516177957532861109e-01
-8.488372093023255349e-01
-8.516177957532861109e-01
-8.523761375126390760e-01
-8.656829360575104548e-01
-8.505486189935679286e-01
-8.523142893176944845e-01
-8.583680161432715172e-01
-8.480262328162441188e-01
-8.578635389078067552e-01
-8.566023458191449613e-01
-8.560978685836801994e-01
-8.485307100517088807e-01
-8.316307226636397987e-01
-8.518098120822298336e-01
-8.530710051708916275e-01
-8.447471307857232770e-01
-8.588724933787362792e-01
-8.523142893176944845e-01
-8.467650397275823249e-01
-8.475217555807794678e-01
-8.616471181737923590e-01
-8.462605624921175629e-01
-8.467650397275823249e-01
-8.397023584310757682e-01
-8.437381763147937530e-01
-8.439904149325261340e-01
-8.530710051708916275e-01
-7.350233320721402119e-01
-6.596039853701601841e-01
-6.545592130155126753e-01
-6.434607138352881339e-01
-6.598562239878925650e-01
-6.674233825198637726e-01
-6.560726447219069613e-01
-6.404338504224996731e-01
-6.432084752175557529e-01
-6.558204061041745803e-01
-6.469920544835414677e-01
-6.500189178963299286e-01
-6.681800983730609156e-01
-6.543069743977802943e-01
-6.409383276579644351e-01
-6.684323369907932966e-01
-6.626308487829486449e-01
-6.598562239878925650e-01
-6.590995081346954221e-01
-6.540547357800479134e-01
-6.374069870097112123e-01
-6.530457813091183894e-01
-6.654054735780048357e-01
-6.575860764283011362e-01
-6.500189178963299286e-01
-5.849413545213771881e-01
-5.506880444388334572e-01
-5.388208559525312635e-01
-5.514455245549804152e-01
-5.322560282792576647e-01
-5.453856836258048624e-01
-5.438707233935109464e-01
-5.494255775785885643e-01
-5.418507764171190955e-01
-5.325085216513066877e-01
-5.284686276985228748e-01
-5.496780709506375873e-01
-5.534654715313722662e-01
-5.559904052518621631e-01
-5.421032697891680074e-01
-5.486680974624416063e-01
-5.532129781593233542e-01
-5.633127130412827199e-01
-5.486680974624416063e-01
-5.529604847872743312e-01
-5.537179649034212892e-01
-5.580103522282540141e-01
-5.481631107183436713e-01
-5.549804317636661821e-01
-5.539704582754703122e-01
-5.628077262971846739e-01
-5.368009089761394126e-01
-5.360434288599924546e-01
-5.314985481631107067e-01
-5.582628456003030371e-01
-5.297310945587678788e-01
-5.421032697891680074e-01
-5.671001136220173988e-01
-5.362959222320413666e-01
-5.524554980431763962e-01
-5.463956571140007323e-01
-5.365484156040903896e-01
-5.582628456003030371e-01
-5.461431637419518204e-01
-5.537179649034212892e-01
-4.863022345663426393e-01
-4.537305895720237237e-01
-4.666077515465218983e-01
-4.648402979421790149e-01
-4.557505365484156301e-01
-4.620628708496402060e-01
-4.671127382906198888e-01
-4.491857088751420313e-01
-4.706476454993056557e-01
-4.928670622396161827e-01
-4.655977780583259729e-01
-4.691482649842271258e-01
-4.580441640378549173e-01
-4.653627760252365686e-01
-4.600630914826498441e-01
-4.580441640378549173e-01
-4.603154574132491961e-01
-4.741955835962144983e-01
-4.575394321766561578e-01
-4.974132492113564896e-01
