8.591767254719900881e-01
8.767564221603219021e-01
8.524914887031879163e-01
1.079541937480656133e-01
9.359331476323119736e-02
9.606932838130609331e-02
7.031878675332714490e-02
1.025069637883008339e-01
9.111730114515630141e-02
8.195605075827916419e-02
9.086969978334881459e-02
9.012689569792634026e-02
1.022593624264933471e-01
1.138966264314453664e-01
7.601361807489941114e-02
8.616527390900649563e-02
9.705973382853605447e-02
1.017641597028783595e-01
9.408851748684617100e-02
8.814608480346641795e-02
1.032497678737233082e-01
1.121634168987929447e-01
9.854534199938100314e-02
1.005261528938409116e-01
1.059733828536056910e-01
9.606932838130609331e-02
1.027545651501083207e-01
1.101826060043330224e-01
1.012689569792633859e-01
9.656453110492108083e-02
1.106778087279480099e-01
8.542246982358403518e-02
8.740328071804394361e-02
1.156298359640978018e-01
8.839368616527390476e-02
8.789848344165893113e-02
9.730733519034354129e-02
1.176106468585577242e-01
8.393686165273908650e-02
9.705973382853605447e-02
9.359331476323119736e-02
1.121634168987929447e-01
9.829774063757350244e-02
8.715567935623645679e-02
9.235530795419374939e-02
1.091922005571030613e-01
1.138966264314453664e-01
9.805013927576601562e-02
1.129062209842154191e-01
7.229959764778706721e-02
1.021392358105601555e-01
1.310745641152467056e-01
1.120316557437863181e-01
9.274143687399530323e-02
1.083219982688265054e-01
9.199950537900333791e-02
1.174724867070607165e-01
9.867688883393099797e-02
1.093112402621491258e-01
7.963398046247063822e-02
1.132682082354395936e-01
1.060962037838506233e-01
9.867688883393099797e-02
7.864473846914801780e-02
9.818226783726968776e-02
9.373067886731792364e-02
1.194509706937059434e-01
1.303326326202547403e-01
1.112897242487943666e-01
1.145047607270928691e-01
1.112897242487943666e-01
1.080746877704958642e-01
1.060962037838506233e-01
1.011499938172375351e-01
3.709657474959812250e-03
8.359094843576109213e-02
1.011499938172375351e-01
1.090639297638184707e-01
9.026833189068876606e-02
1.159886237170767859e-01
9.002102139235811096e-02
9.298874737232595833e-02
8.284901694076914069e-02
1.013973043155681902e-01
8.705329541239024971e-02
8.532212192407567786e-02
7.913935946580932801e-02
8.161246444911586517e-02
8.680598491405960848e-02
9.249412637566464812e-02
1.248918016569803419e-01
9.719302584394708122e-02
9.249412637566464812e-02
1.028811673055521209e-01
9.101026338568071750e-02
6.875231853592185527e-02
8.952640039569680075e-02
8.062322245579324476e-02
9.199950537900333791e-02
-1.211821441820205326e-02
3.961131398155598449e-03
-1.411153060592931774e-02
-2.624249551278083972e-02
-1.237853561923624515e-02
1.510181345546821735e-02
-1.510181345546821735e-02
-9.655257783004271219e-03
-1.708237915454601658e-02
-2.475707123847249030e-04
-4.951414247694498061e-03
-9.655257783004271219e-03
-7.922262796311196897e-03
-8.417404221080646703e-03
-1.336881846877514476e-02
-1.485424274308349245e-02
-2.723277836231973933e-03
-3.218419261001423740e-03
-6.189267809618122576e-03
-7.674692083926471127e-03
2.723277836231973933e-03
1.980565699077799224e-03
-1.856780342885436599e-02
1.312124775639041986e-02
0.000000000000000000e+00
-3.688803614532400882e-02
3.218419261001423740e-03
-3.465989973386148209e-03
5.446555672463947867e-03
-1.732994986693074321e-02
-1.435910131831404264e-02
-7.427121371541746224e-03
-7.922262796311196897e-03
1.163582348208207044e-02
2.228136411462524127e-03
-3.094633904809061115e-02
7.922262796311196897e-03
-2.723277836231973933e-03
-6.436838522002847479e-03
-1.039796992015844593e-02
7.105279445441604891e-02
5.050442532648388022e-02
6.783437519341461996e-02
7.328093086587857130e-02
5.941697097233396979e-02
6.065482453425759951e-02
6.783437519341461996e-02
6.486352664479791419e-02
6.412081450764374468e-02
8.491675434796062960e-02
7.748963297641889292e-02
8.176960357897353204e-02
6.983969181061265574e-02
7.555610786628556841e-02
8.077544426494345786e-02
4.523424878836833363e-02
6.809991301106002592e-02
6.611159438299987756e-02
5.045358518702622308e-02
6.636013421150739611e-02
