-9.318969318969319016e-01
-8.779688779688780143e-01
-7.302967302967302565e-01
-7.615447615447615837e-01
-7.882567882567882434e-01
-7.358407358407358378e-01
-8.328608328608329003e-01
-8.484848484848485084e-01
-8.641088641088641165e-01
-8.515088515088514720e-01
-7.864927864927865331e-01
-7.706167706167705855e-01
-7.446607446607446112e-01
-6.821646821646821790e-01
-7.880047880047880149e-01
-7.955647955647955349e-01
-7.607887607887607873e-01
-7.960687960687961029e-01
-8.804888804888805209e-01
-8.971208971208971539e-01
-9.104769104769104837e-01
-7.643167643167643188e-01
-7.983367983367983811e-01
-7.912807912807913180e-01
-7.461727461727462041e-01
-7.829647829647830015e-01
-8.293328293328293688e-01
-8.469728469728470266e-01
-8.283248283248283439e-01
-8.336168336168335857e-01
-7.907767907767907500e-01
-7.222327222327222795e-01
-6.617526617526617860e-01
-6.672966672966672563e-01
-6.584766584766584829e-01
-6.793926793926794439e-01
-7.471807471807472290e-01
-8.104328104328104576e-01
-8.217728217728217377e-01
-8.376488376488376852e-01
-7.255087255087254716e-01
-6.804006804006803577e-01
-5.357525357525357856e-01
-6.393246393246393433e-01
-5.108045108045108362e-01
-6.211806211806212286e-01
-6.184086184086183824e-01
-6.667926667926667994e-01
-7.161847161847161303e-01
-7.736407736407736602e-01
-7.681634712411705701e-01
-6.786074672048435508e-01
-5.696266397578203522e-01
-5.524722502522704248e-01
-6.284056508577194888e-01
-5.083249243188697752e-01
-5.426337033299697410e-01
-6.311806256306761176e-01
-6.584258324924319172e-01
-6.715438950554994957e-01
-6.836528758829465424e-01
-6.442986881937436960e-01
-7.063572149344097273e-01
-7.096367305751766219e-01
-6.892028254288596889e-01
-7.489909182643794683e-01
-7.404137235116043936e-01
-5.726538849646821694e-01
-6.107467204843591846e-01
-5.597880928355196684e-01
-4.608980827447023421e-01
-4.296165489404641935e-01
-3.791624621594348876e-01
-4.164984863773965595e-01
-2.812815338042381486e-01
-6.127648839556003590e-01
-6.067103935418769467e-01
-7.020686175580221899e-01
-6.374873864783047184e-01
-6.692734611503531328e-01
-6.188193743693238824e-01
-5.358224016145307633e-01
-6.112512613521695615e-01
-5.128657921291625010e-01
-5.986377396569122489e-01
-5.729061553985872468e-01
-5.996468213925327806e-01
-5.464177598385469015e-01
-5.913218970736630054e-01
-5.206861755802220104e-01
-5.560040363269425079e-01
-4.225529767911200829e-01
-4.982341069626639585e-01
-5.706357214934409949e-01
-4.856205852674066459e-01
-4.238143289606458031e-01
-5.925832492431887255e-01
-5.898082744702320968e-01
-6.188193743693238824e-01
-4.868819374369323660e-01
-5.707440100882723577e-01
-4.030264817150063239e-01
-5.018915510718789941e-01
-5.119798234552332961e-01
-5.664564943253468376e-01
-5.745271122320302348e-01
-6.146279949558638434e-01
-5.369482976040352851e-01
-6.189155107187893634e-01
-5.750315258511979888e-01
-5.266078184110970506e-01
-5.268600252206809831e-01
-4.918032786885245811e-01
-4.781841109709962234e-01
-5.427490542244640670e-01
-5.150063051702395978e-01
-5.245901639344262568e-01
-5.286254728877679554e-01
-5.394703656998739438e-01
-4.529634300126103574e-01
-5.059268600252206927e-01
-4.229508196721311619e-01
-4.511979823455233296e-01
-4.706179066834804692e-01
-5.255989911727616537e-01
-4.675914249684741675e-01
-4.832282471626733744e-01
-5.051702395964691172e-01
-5.245901639344262568e-01
-4.426229508196721230e-01
-5.021437578814628155e-01
-5.364438839848676421e-01
-3.783102143757881564e-01
-4.453972257250946032e-01
-5.364438839848676421e-01
-4.968474148802017876e-01
-5.054224464060529387e-01
-5.558638083228246707e-01
-4.713745271122320446e-01
-5.361916771752837096e-01
-3.967213114754098435e-01
-4.746532156368221678e-01
-3.957124842370743911e-01
-4.456494325346784247e-01
-5.046658259773013633e-01
-4.146279949558638322e-01
-4.395964691046658213e-01
-4.802017654476670727e-01
-4.408575031525850951e-01
-4.592686002522067823e-01
-4.476208388188828158e-01
-4.556454140806219244e-01
-3.528305435395899803e-01
-3.791611811171713420e-01
-3.909472760328506213e-01
-3.360290890853238066e-01
-4.019810670177418332e-01
-4.062441226255407156e-01
-4.405993354648611304e-01
