-9.824240205053094144e-01
-9.279873062370316283e-01
-8.357134138899060538e-01
-7.197607713902111071e-01
-6.172342243378493576e-01
-4.912730379592334939e-01
-4.329305504699133555e-01
-3.689735139753447801e-01
-3.225924569754668458e-01
-3.184425729281093465e-01
-3.394361039912119904e-01
-3.777615037226901284e-01
-4.661296228487733506e-01
-5.781764921274258340e-01
-7.019406810692053744e-01
-8.012937873794703236e-01
-8.845355791529354583e-01
-9.631392652264127996e-01
-9.909678994263395602e-01
-9.824240205053094144e-01
-9.379958501159526563e-01
-8.537776150372269335e-01
-7.512510679848651840e-01
-6.443305260588306771e-01
-5.193457829854754015e-01
-4.226778957646771806e-01
-3.367508849017453731e-01
-3.096545831807640536e-01
-2.959843769071158204e-01
-3.050164774807762602e-01
-3.687294031490296331e-01
-4.470889783961918829e-01
-5.581594043695837781e-01
-6.582448431587940574e-01
-7.746857073111192982e-01
-8.601244965214207561e-01
-9.392164042475283914e-01
-9.726595874527035335e-01
-9.697302575369217692e-01
-9.353106310264860390e-01
-8.757475894055901655e-01
-7.771268155742707684e-01
-6.423776394483095009e-01
-5.418039790064689276e-01
-4.265836689857195330e-01
-3.721469547174416914e-01
-3.162455754912730232e-01
-2.913462712071280269e-01
-3.306481142438666976e-01
-3.723910655437568384e-01
-4.448919809593555597e-01
-5.557182961064323079e-01
-6.311485414378127379e-01
-7.502746246796045959e-01
-8.466984010740876698e-01
-9.162699865739045713e-01
-9.560600512632735359e-01
-9.599658244843158883e-01
-9.191993164896863355e-01
-8.684242646161357548e-01
-7.593067252532650357e-01
-6.545831807640668520e-01
-5.562065177590626019e-01
-4.712559502013914381e-01
-3.775173928963749814e-01
-3.330892225070181678e-01
-3.135603564018064060e-01
-3.230806786280971399e-01
-3.633589649700963986e-01
-4.829732698645184952e-01
-5.720737214695471584e-01
-6.704503844745514085e-01
-7.617478335164165060e-01
-8.352251922372757598e-01
-8.872207982424020756e-01
-8.974734529476382505e-01
-8.405956304162089943e-01
-7.632124984743073881e-01
-6.650799462956181740e-01
-5.920908092273892143e-01
-5.120224581960209909e-01
-4.485536433540827650e-01
-3.865494934700354213e-01
-3.338215549859636089e-01
-2.439887709019895046e-01
-2.456975466861955337e-01
-2.813377273282069990e-01
-3.240571219333577280e-01
-4.082753570120835063e-01
-5.125106798486512849e-01
-5.869644818747711268e-01
-6.306603197851824438e-01
-7.204931038691565481e-01
-7.746857073111192982e-01
-8.115464420847064986e-01
-8.235078725741487027e-01
-7.898205785426584136e-01
-7.383131941901622808e-01
-6.829000366166239067e-01
-6.003905773221042130e-01
-5.408275357012083395e-01
-4.395215427804223252e-01
-3.726351763700719855e-01
-3.145367997070669941e-01
-2.532649823019650914e-01
-2.400829976809471522e-01
-2.486268766019772980e-01
-2.229952398388868606e-01
-2.386183327230562701e-01
-2.610765287440497961e-01
-1.373123398022702280e-01
-1.980959355547418643e-01
-1.875991700231905424e-01
-1.575735383864274308e-01
1.907726107652874536e-01
-3.831319419016233629e-01
-8.238740388136213399e-02
-1.688026363969241939e-01
-2.503356523861833272e-01
-2.376418894177956820e-01
-1.086293177102404424e-02
-4.407420969119980603e-01
-7.457585743927742927e-02
-2.896374954229219978e-01
-2.508238740388136212e-01
-1.529354326864396374e-01
-8.177712681557426991e-03
-1.414622238496277273e-01
-4.373245453435860020e-01
-5.461979738801415740e-01
-8.092273892347125186e-02
-4.090076894910289473e-01
-3.523739777859147826e-01
-5.100695715854998147e-01
-1.004516050286830275e-01
-2.111558647626022092e-02
-4.357378249725375047e-02
-3.596973025753691933e-01
-4.082753570120835063e-01
-5.828145978274136274e-01
-6.233369949957280332e-01
-6.094226778957646529e-01
-6.167460026852190635e-01
-6.414011961430489128e-01
-7.536921762480166542e-01
-4.402538752593677662e-01
-5.105577932381301087e-01
-5.564506285853777490e-01
-5.100695715854998147e-01
-5.249603319907237831e-01
-5.488831929696081913e-01
-6.057610155010374475e-01
-6.077139021115586237e-01
-5.637739533748321596e-01
-4.292688880751861502e-01
-3.406566581227877255e-01
-2.635176370072012664e-01
-2.293421213230806832e-01
-2.525326498230196504e-01
-3.692176248016599271e-01
-4.031490296594654188e-01
-3.543268643964359588e-01
-3.794702795068961576e-01
-4.732088368119126143e-01
-4.373245453435860020e-01
-3.494446478701330183e-01
-2.024899304284145107e-01
-2.027340412547296578e-01
-2.308067862809715654e-01
-2.967167093860612614e-01
-4.236543390699377687e-01
-5.193457829854754015e-01
-6.240693274746734742e-01
-7.104845599902355202e-01
-6.677651653850847913e-01
-5.811058220432075982e-01
-5.552300744538020139e-01
-5.493714146222384853e-01
-5.347247650433296640e-01
-4.470889783961918829e-01
-3.426095447333089017e-01
-2.498474307335530331e-01
-2.735261808861222943e-01
-1.841816184547784563e-01
-1.951666056389601001e-01
-2.173806908336384791e-01
-2.056633711705114220e-01
-1.915049432442328947e-01
-1.302331258391309643e-01
-1.280361284022946411e-01
-1.209569144391553774e-01
-1.749054070548028694e-01
-2.683998535335042068e-01
-3.003783717807884668e-01
-2.745026241913828824e-01
-3.584767484437934582e-01
-3.872818259489808623e-01
-3.848407176858293921e-01
-3.728792871963871325e-01
