-9.797388014158427971e-01
-9.218845355791529528e-01
-8.340046381057000247e-01
-7.268399853533503707e-01
-6.116196753326009761e-01
-4.924935920908092291e-01
-3.955815940436958611e-01
-3.282070059807152274e-01
-3.145367997070669941e-01
-2.752349566703283235e-01
-3.216160136702062577e-01
-3.943610399121201260e-01
-4.632002929329915863e-01
-5.889173684852923030e-01
-6.977907970218478750e-01
-8.051995606005126760e-01
-8.955205663371170743e-01
-9.602099353106310353e-01
-9.921884535579152953e-01
-9.812034663737336793e-01
-9.345782985475405980e-01
-8.640302697424631084e-01
-7.571097278164287125e-01
-6.487245209325033235e-01
-5.122665690223361379e-01
-4.065665812278774771e-01
-3.430977663859391957e-01
-2.967167093860612614e-01
-3.003783717807884668e-01
-3.235689002807274339e-01
-3.936287074331746849e-01
-4.597827413645795280e-01
-5.488831929696081913e-01
-6.558037348956425872e-01
-7.683388258269254756e-01
-8.694007079213963429e-01
-9.233492005370438349e-01
-9.716831441474429454e-01
-9.672891492737702990e-01
-9.267667521054558932e-01
-8.449896252898816407e-01
-7.566215061637984185e-01
-6.560478457219577342e-01
-5.391187599170023104e-01
-4.256072256804589449e-01
-3.452947638227755189e-01
-3.008665934334187608e-01
-3.426095447333089017e-01
-3.987550347857927724e-01
-4.580739655803734989e-01
-5.747589405590137757e-01
-6.667887220798242032e-01
-7.629683876479922411e-01
-8.305870865372879663e-01
-8.842914683266203113e-01
-9.111436592212864838e-01
-9.316489686317588337e-01
-9.001586720371048678e-01
-8.186256560478457622e-01
-7.156108873428536077e-01
-5.684120590748199531e-01
-5.637739533748321596e-01
-4.976199194434273165e-01
-3.955815940436958611e-01
-3.191749054070547875e-01
-2.727938484071768532e-01
-2.554619797388014146e-01
-2.701086293177102360e-01
-2.764555108019040586e-01
-3.128280239228609649e-01
-3.235689002807274339e-01
-3.128280239228609649e-01
-3.494446478701330183e-01
-4.038813621384108599e-01
-1.646527523495666945e-01
-3.128280239228609649e-01
-3.113633589649700828e-01
3.454168192359331063e-02
-4.434273160014646775e-01
-3.848407176858293921e-01
-3.614060783595752224e-01
1.739289637495422813e-01
-6.155254485536433284e-01
-5.505919687538142204e-01
-4.551446356645917346e-01
-3.360185524227999321e-01
-2.149395825704870089e-01
-1.651409740021969885e-01
-3.272305626754546393e-01
-4.231661174173074746e-01
-3.616501891858903694e-01
-4.639326254119370274e-01
-6.218723300378371510e-01
-7.336750884901744874e-01
-7.295252044428169880e-01
-7.051141218113022857e-01
-6.567801782009031752e-01
-7.453924081533015444e-01
-4.732088368119126143e-01
-4.736970584645429083e-01
-4.805321616013670250e-01
-4.776028316855852607e-01
-5.398510923959477514e-01
-6.064933479799828886e-01
-7.844501403637251791e-01
-5.842792627853045095e-01
-5.330159892591236348e-01
-4.290247772488710032e-01
-3.963139265226413022e-01
-3.748321738069083087e-01
-3.589649700964237522e-01
-4.026608080068351248e-01
-4.512388624435493822e-01
-5.139753448065421670e-01
-5.664591724642987769e-01
-5.791529354326864221e-01
-6.130843402904918582e-01
-6.011229098010496541e-01
-5.674356157695593650e-01
-5.503478579274990734e-01
-6.667887220798242032e-01
-3.667765165385084569e-01
-2.281215671915049481e-01
-1.678261930916636058e-01
-3.982668131331624783e-01
-4.155986818015379169e-01
-3.928963749542292438e-01
-3.462712071280361070e-01
-2.552178689124862676e-01
-1.653850848285121355e-01
-1.148541437812767019e-01
-1.873550591968753676e-01
-2.537532039545953855e-01
-4.270718906383498270e-01
-5.337483217380690759e-01
-5.117783473697058438e-01
-4.612474063224704102e-01
-4.395215427804223252e-01
-3.213719028438911107e-01
-2.803612840229464109e-01
-2.720615159282314122e-01
-3.257658977175637571e-01
-3.435859880385694898e-01
-3.394361039912119904e-01
-3.423654339069937547e-01
-3.692176248016599271e-01
-3.670206273648236039e-01
-3.904552666910777736e-01
-1.429268888075186095e-01
-4.019284755278896837e-01
-4.695471744171854089e-01
-2.256804589283534779e-01
-1.739289637495422813e-01
-3.980227023068473313e-01
-1.949224948126449530e-01
-5.298425485170267235e-01
-4.304894422067618853e-01
-5.266691077749298122e-01
-6.326132063957036200e-01
-5.403393140485780455e-01
-3.221042353228365518e-01
3.112413035518125232e-02
-7.384352496033198821e-02
-1.135115342365433828e-02
1.403637251312095727e-02
-2.078603686073477452e-01
-4.444037593067252656e-01
-4.824850482118882011e-01
-1.443915537654094916e-01
-3.565238618332722820e-01
-4.087635786647138003e-01
-3.968021481752715962e-01
-2.186012449652142142e-01
1.644086415232515475e-01
1.623336994995728047e-02
-2.425241059440986224e-01
-3.301598925912364035e-01
-5.481508604906627502e-01
-6.462834126693518533e-01
-5.381423166117417223e-01
-6.467716343219821473e-01
-3.616501891858903694e-01
-1.558647626022214017e-01
-2.232393506652020077e-01
-3.274746735017697863e-01
-4.653972903698279096e-01
-5.083607958012937855e-01
-3.225924569754668458e-01
-5.418039790064689276e-01
-2.669351885756133247e-01
-2.093250335652386274e-01
-5.361894300012205461e-01
-6.506774075430244997e-01
-5.693885023800805412e-01
-3.335774441596484619e-01
-1.758818503600634575e-01
-3.555474185280116939e-01
-7.331868668375441933e-01
-4.629561821066764393e-01
