-9.836445746368851495e-01
-9.155376540949591302e-01
-8.327840839741242895e-01
-7.192725497375808130e-01
-5.925790308800195083e-01
-4.978640302697424636e-01
-4.092518003173440944e-01
-3.562797510069571350e-01
-2.967167093860612614e-01
-2.903698279018674389e-01
-3.326010008543878738e-01
-3.943610399121201260e-01
-4.675942878066642328e-01
-5.837910411326742155e-01
-6.946173562797509637e-01
-8.117905529110216456e-01
-8.845355791529354583e-01
-9.621628219211522115e-01
-9.934090076894910304e-01
-9.819357988526791203e-01
-9.370194068106920682e-01
-8.496277309898694341e-01
-7.546686195532772423e-01
-6.279751006957158266e-01
-5.186134505065299605e-01
-4.163310142804833580e-01
-3.545709752227511058e-01
-3.081899182228731715e-01
-2.942756011229097912e-01
-3.262541193701940512e-01
-3.760527279384840993e-01
-4.612474063224704102e-01
-5.510801904064445145e-01
-6.472598559746124414e-01
-7.627242768216770941e-01
-8.757475894055901655e-01
-9.321371902843891277e-01
-9.724154766263883864e-01
-9.702184791895520632e-01
-9.306725253264982456e-01
-8.696448187477114899e-01
-7.776150372269010624e-01
-6.677651653850847913e-01
-5.347247650433296640e-01
-4.312217746857073264e-01
-3.662882948858781629e-01
-3.025753692176247900e-01
-3.013548150860490549e-01
-3.274746735017697863e-01
-3.770291712437446874e-01
-4.319541071646527675e-01
-5.532771878432808377e-01
-6.443305260588306771e-01
-7.529598437690712132e-01
-8.217990967899426735e-01
-9.133406566581228070e-01
-9.555718296106432419e-01
-9.572806053948492711e-01
-9.336018552422800099e-01
-8.713535945319175191e-01
-7.771268155742707684e-01
-6.887586964481874352e-01
-5.635298425485170126e-01
-4.632002929329915863e-01
-3.931404857805443909e-01
-3.357744415964847851e-01
-2.952520444281703793e-01
-3.277187843280849333e-01
-3.828878310753082159e-01
-4.256072256804589449e-01
-5.305748809959721646e-01
-6.245575491273037683e-01
-7.346515317954350754e-01
-8.222873184425729676e-01
-8.940559013792261922e-01
-9.465397290369828021e-01
-9.580129378737947121e-01
-9.314048578054436867e-01
-8.632979372635176674e-01
-7.715122665690223869e-01
-6.826559257903087596e-01
-5.772000488221652459e-01
-4.981081410960576106e-01
-4.085194678383986533e-01
-3.638471866227266927e-01
-3.208836811912608167e-01
-3.416331014280483136e-01
-3.843524960331990981e-01
-4.661296228487733506e-01
-5.676797265958745120e-01
-6.472598559746124414e-01
-7.458806298059318385e-01
-8.313194190162334074e-01
-8.923471255950201630e-01
-9.206639814475772177e-01
-9.123642133528622189e-01
-8.567069449530086978e-01
-7.990967899426340004e-01
-7.121933357744415494e-01
-6.199194434273159748e-01
-5.566947394116928960e-01
-5.200781154644208426e-01
-5.105577932381301087e-01
-5.515684120590748085e-01
-5.906261442694983321e-01
-5.884291468326620089e-01
-6.284633223483461206e-01
-6.531185158061759699e-01
-6.665446112535090561e-01
-6.968143537165872869e-01
-7.331868668375441933e-01
-7.756621506163798863e-01
-8.022702306847309117e-01
-7.964115708531673832e-01
-7.888441352373978255e-01
-7.449041865006712504e-01
-6.587330648114243514e-01
-5.637739533748321596e-01
-4.907848163066031999e-01
-4.075430245331380652e-01
-3.382155498596362553e-01
-3.086781398755034656e-01
-2.835347247650433222e-01
-2.676675210545587658e-01
-3.057488099597217013e-01
-3.406566581227877255e-01
-3.904552666910777736e-01
-4.951788111802758463e-01
-5.591358476748443662e-01
-6.352984254851702373e-01
-7.051141218113022857e-01
-7.641889417795679762e-01
-8.171609910899548801e-01
-8.266813133162456140e-01
-7.619919443427316530e-01
-6.907115830587086114e-01
-6.111314536799706820e-01
-5.283778835591358414e-01
-4.424508726962040894e-01
-3.548150860490662528e-01
-2.771878432808494996e-01
-2.076162577810325982e-01
-1.758818503600634575e-01
1.916269986573904474e-02
1.168070303917978781e-01
-3.545709752227511058e-01
-3.284511168070303744e-01
-4.406200414988404451e-02
-2.032222629073599518e-01
-4.332967167093860344e-02
-2.957402660808006734e-01
-2.703527401440253830e-01
9.581349932869523411e-02
-1.378005614549005220e-01
-3.321127792017575797e-01
-4.577077993409007367e-02
-5.736604418405955898e-03
-1.598925912364213345e-02
2.843891126571463507e-02
1.019162699865739097e-01
-1.834492859758330152e-01
-2.132308067862809797e-01
-1.607469791285243421e-01
2.135969730257536794e-02
-9.556938850238008709e-02
-2.261686805809837719e-01
-6.713047723666544855e-03
-1.380446722812156690e-01
-2.476504332967167099e-01
-5.317954351275478997e-01
-2.798730623703161169e-01
-9.141950445502257383e-02
-2.332478945441230356e-01
4.259733919199316238e-02
-3.902111558647626266e-01
-2.198217990967899493e-01
-2.193335774441596553e-01
-2.364213352862199469e-01
-3.052605883070914072e-01
-4.839497131697790833e-01
-5.042109117539362861e-01
-4.595386305382643810e-01
-4.536799707067008525e-01
-6.069815696326131826e-01
-5.562065177590626019e-01
-4.878554863908214356e-01
-4.248748932015135038e-01
-4.036372513120957128e-01
-4.717441718540217321e-01
-3.643354082753569867e-01
-2.862199438545099395e-01
-2.166483583546930380e-01
-1.258391309654583179e-01
-1.565970950811668427e-01
-4.456243134383010007e-01
-7.139021115586475785e-01
-4.846820456487245243e-01
-2.063957036494568631e-01
-2.801171731966312639e-01
