-9.780300256316367680e-01
-9.245697546686195700e-01
-8.332723056267545836e-01
-7.246429879165140475e-01
-5.881850360063468619e-01
-5.020139143170999629e-01
-3.933845966068595379e-01
-3.347979982912241970e-01
-3.103869156597094947e-01
-3.072134749176125834e-01
-3.225924569754668458e-01
-3.970462590015867432e-01
-4.778469425119004077e-01
-5.686561699011351001e-01
-6.848529232271450828e-01
-8.025143415110460587e-01
-8.864884657634566345e-01
-9.567923837422189770e-01
-9.929207860368607363e-01
-9.846210179421457376e-01
-9.445868424264616259e-01
-8.581716099108995799e-01
-7.475894055901378676e-01
-6.348102038325399432e-01
-5.027462467960454040e-01
-4.195044550225802693e-01
-3.221042353228365518e-01
-3.111192481386549358e-01
-3.042841450018308191e-01
-3.308922250701818446e-01
-3.997314780910533605e-01
-4.773587208592701137e-01
-5.537654094959111317e-01
-6.619065055535212627e-01
-7.602831685585256238e-01
-8.603686073477359031e-01
-9.355547418528011860e-01
-9.714390333211277984e-01
-9.777859148053216209e-01
-9.379958501159526563e-01
-8.615891614793116382e-01
-7.737092640058587101e-01
-6.550714024166971461e-01
-5.440009764433052508e-01
-4.431832051751495305e-01
-3.770291712437446874e-01
-3.008665934334187608e-01
-2.854876113755644984e-01
-3.150250213596972881e-01
-3.684852923227144861e-01
-4.385450994751617371e-01
-5.378982057854265753e-01
-6.423776394483095009e-01
-7.353838642743805165e-01
-8.393750762846332591e-01
-9.133406566581228070e-01
-9.570364945685341240e-01
-9.641157085316733877e-01
-9.345782985475405980e-01
-8.718418161845478132e-01
-7.883559135847675314e-01
-6.868058098376662590e-01
-5.752471622116440697e-01
-4.519711949224948233e-01
-3.970462590015867432e-01
-3.196631270596850816e-01
-3.140485780544367000e-01
-3.123398022702306709e-01
-3.611619675332600754e-01
-4.336628829488587966e-01
-5.147076772854876081e-01
-6.277309898694006796e-01
-7.427071890638349272e-01
-8.286341999267667902e-01
-8.957646771634322214e-01
-9.348224093738557450e-01
-9.560600512632735359e-01
-9.377517392896375092e-01
-8.867325765897717815e-01
-8.103258879531307635e-01
-7.048700109849871387e-01
-5.977053582326375958e-01
-4.898083730013426118e-01
-3.985109239594776254e-01
-3.264982301965091982e-01
-3.164896863175881703e-01
-3.130721347491761120e-01
-3.575003051385328701e-01
-4.207250091541560044e-01
-5.252044428170389301e-01
-6.260222140851946504e-01
-7.241547662638837535e-01
-7.971439033321128242e-01
-8.723300378371781072e-01
-9.189552056633711885e-01
-9.411692908580495676e-01
-9.301843036738679515e-01
-8.679360429635054608e-01
-8.064201147320884111e-01
-6.904674722323934644e-01
-5.911143659221286262e-01
-5.059196875381423153e-01
-4.241425607225680627e-01
-3.721469547174416914e-01
-3.372391065543756672e-01
-3.401684364701574315e-01
-3.684852923227144861e-01
-4.490418650067130590e-01
-5.232515562065177539e-01
-6.157695593799584755e-01
-7.305016477480775761e-01
-7.990967899426340004e-01
-8.645184913950934025e-01
-8.989381179055291327e-01
-9.077261076528744255e-01
-8.811180275845234000e-01
-8.325399731478091425e-01
-7.441718540217258093e-01
-6.548272915903819991e-01
-5.815940436958378923e-01
-4.805321616013670250e-01
-4.226778957646771806e-01
-4.307335530330770323e-01
-4.263395581594043859e-01
-4.749176125961186434e-01
-5.320395459538630467e-01
-6.135725619431221523e-01
-6.758208226534846430e-01
-7.597949469058953298e-01
-8.193579885267912033e-01
-8.466984010740876698e-01
-7.842060295374100320e-01
-7.187843280849505190e-01
-7.265958745270352237e-01
-7.361161967533259576e-01
-6.619065055535212627e-01
-5.842792627853045095e-01
-4.612474063224704102e-01
-3.374832173806908142e-01
-3.179543512754790524e-01
-3.057488099597217013e-01
-2.862199438545099395e-01
-2.225070181862565666e-01
-2.386183327230562701e-01
-2.730379592334920003e-01
-3.448065421701452249e-01
-4.485536433540827650e-01
-5.454656414011961330e-01
-6.572683998535334693e-01
-7.678506041742951815e-01
-8.054436714268278230e-01
-7.939704625900159130e-01
-8.003173440742097355e-01
-7.600390577322104768e-01
-7.114610032954961083e-01
-6.396924203588428837e-01
-5.437568656169901038e-01
-4.468448675698767358e-01
-3.645795191016721337e-01
-2.879287196387159686e-01
-2.849993897229342044e-01
-2.891492737702917037e-01
-3.103869156597094947e-01
-3.225924569754668458e-01
-3.008665934334187608e-01
-3.518857561332844885e-01
-4.671060661540339387e-01
-5.669473941169290709e-01
-6.868058098376662590e-01
-7.287928719638715469e-01
-8.027584523373612058e-01
-8.364457463688514949e-01
-8.415720737214695824e-01
-7.741974856584890041e-01
-5.671915049432442180e-01
2.428902721835713568e-02
-2.220187965336262725e-01
-8.873428536555595658e-02
-1.392652264127914041e-01
-5.004271939460514830e-03
7.579641157085316439e-02
-1.790552911021603688e-01
-1.067984865128768501e-01
5.724398877090199067e-02
-1.619675332601000772e-01
-4.625900158672036772e-02
1.558647626022214017e-01
-3.161235200781154636e-02
-2.464298791651409748e-01
-1.683144147442938998e-01
-1.940681069205419176e-02
-1.089954839497131733e-01
-1.812522885389966920e-01
7.896985231295007568e-02
1.712437446600756641e-01
1.570853167337971368e-01
-1.370682289759550809e-01
1.641645306969364004e-01
7.140241669718051798e-02
