-9.755889173684852977e-01
-9.233492005370438349e-01
-8.354693030635909068e-01
-7.146344440375930196e-01
-5.876968143537165679e-01
-5.051873550591968742e-01
-4.212132308067862985e-01
-3.240571219333577280e-01
-3.025753692176247900e-01
-3.055046991334065543e-01
-3.274746735017697863e-01
-3.721469547174416914e-01
-4.783351641645307017e-01
-5.796411570853167161e-01
-6.811912608324178775e-01
-7.915293543268644427e-01
-9.025997803002563380e-01
-9.555718296106432419e-01
-9.921884535579152953e-01
-9.751006957158550037e-01
-9.299401928475528045e-01
-8.354693030635909068e-01
-7.324545343585987522e-01
-6.033199072378859773e-01
-4.797998291224215839e-01
-3.992432564384230664e-01
-3.025753692176247900e-01
-2.976931526913218495e-01
-2.810936165018918520e-01
-2.996460393018430257e-01
-3.677529598437690450e-01
-4.251190040278286508e-01
-4.780910533382155547e-01
-5.620651775906261305e-01
-6.396924203588428837e-01
-7.204931038691565481e-01
-7.937263517637007659e-01
-8.679360429635054608e-01
-9.338459660685951569e-01
-9.794946905895276501e-01
-9.448309532527767729e-01
-8.584157207372147269e-01
-7.424630782375197802e-01
-6.316367630904430319e-01
-5.286219943854509884e-01
-4.551446356645917346e-01
-3.772732820700598344e-01
-3.357744415964847851e-01
-2.727938484071768532e-01
-3.037959233492005251e-01
-3.645795191016721337e-01
-4.055901379226168890e-01
-5.291102160380812824e-01
-6.702062736482362615e-01
-7.720004882216526809e-01
-8.549981691688026686e-01
-9.108995483949713368e-01
-9.301843036738679515e-01
-8.989381179055291327e-01
-8.537776150372269335e-01
-8.056877822531429700e-01
-8.042231172952520879e-01
-7.876235811058220904e-01
-7.451482973269863974e-01
-6.606859514219455276e-01
-5.718296106432320114e-01
-4.495300866593433531e-01
-3.750762846332235112e-01
-3.120956914439155239e-01
-3.521298669595996356e-01
-3.875259367752960094e-01
-4.036372513120957128e-01
-4.866349322592457005e-01
-5.523007445380202496e-01
-6.174783351641645046e-01
-5.896497009642377440e-01
-2.723056267545465592e-01
-5.156841205907481962e-01
-1.236421335286219947e-01
-4.085194678383986533e-01
-2.693762968387647949e-01
-6.331014280483339141e-01
-6.245575491273037683e-01
-6.636152813377272919e-01
-6.987672403271084631e-01
-7.385573050164774278e-01
-7.590626144269498887e-01
-7.458806298059318385e-01
-6.655681679482484681e-01
-6.746002685219089079e-01
-2.732820700598071473e-01
-1.641645306969364004e-01
-1.473208836811912559e-01
-2.381301110704259760e-01
-3.941169290858049790e-01
-5.811058220432075982e-01
-6.511656291956547937e-01
-6.399365311851580307e-01
-6.140607835957524463e-01
-7.414866349322591921e-01
-6.555596240693274401e-01
-5.252044428170389301e-01
-4.080312461857683592e-01
-2.994019284755278787e-01
-2.354448919809593588e-01
-2.054192603441962750e-01
-1.849139509337238974e-01
-1.451238862443549327e-01
-9.727816428658611625e-02
-7.164652752349566500e-02
-1.382887831075308160e-01
-1.873550591968753676e-01
-2.686439643598193538e-01
-2.874404979860856746e-01
-2.215305748809959785e-01
-1.541559868180153725e-01
-1.233980227023068477e-01
-1.746612962284877224e-01
-2.869522763334553805e-01
-2.925668253387037621e-01
-4.019284755278896837e-01
-4.929818137434395231e-01
-4.456243134383010007e-01
-7.519834004638106251e-01
-8.659831563529842846e-01
-8.747711461003295774e-01
-8.676919321371903138e-01
-8.833150250213597232e-01
-9.365311851580617741e-01
-9.292078603686073635e-01
-6.269986573904552385e-01
-7.446600756743561034e-01
-6.536067374588062640e-01
-5.698767240327108352e-01
-6.011229098010496541e-01
-7.871353594531917963e-01
-7.505187355059197429e-01
-6.145490052483827403e-01
-5.215427804223117247e-01
-4.070548028805077712e-01
-3.401684364701574315e-01
-3.614060783595752224e-01
-4.053460270963017420e-01
-3.887464909068717445e-01
-3.926522641279140968e-01
-4.346393262541193847e-01
-7.180519956060050779e-01
-8.103258879531307635e-01
-8.283900891004516431e-01
-8.413279628951544353e-01
-8.269254241425607610e-01
-8.091053338215550284e-01
-8.134993286952276748e-01
-8.095935554741853224e-01
-7.532039545953863602e-01
-6.509215183693396467e-01
-5.945319174905406845e-01
-5.715854998169168644e-01
-5.378982057854265753e-01
-5.012815818381545219e-01
-4.954229220065909933e-01
-5.122665690223361379e-01
-5.928231417063346553e-01
-6.868058098376662590e-01
-7.812766996216282678e-01
-8.300988648846576723e-01
-8.164286586110094390e-01
-7.480776272427681617e-01
-7.073111192481386089e-01
-6.487245209325033235e-01
-6.060051263273525946e-01
-6.016111314536799481e-01
-6.064933479799828886e-01
-5.669473941169290709e-01
-5.188575613328451075e-01
-5.181252288538996664e-01
-4.082753570120835063e-01
-2.925668253387037621e-01
-1.751495178811180164e-01
-2.056633711705114220e-01
-2.791407298913706758e-01
-3.470035396069815481e-01
-3.164896863175881703e-01
-2.852435005492493514e-01
-2.095691443915537744e-01
-2.554619797388014146e-01
-2.503356523861833272e-01
-1.939460515073843649e-01
-2.029781520810448048e-01
-2.062736482362992688e-02
-3.069693640912974364e-01
-1.915049432442328947e-01
1.192481386549493483e-01
-2.249481264494080368e-01
1.098498718418161818e-03
1.135115342365433828e-02
-6.969364091297448882e-02
-1.727084096179665462e-01
-1.944342731600146590e-01
