-9.758330281948004448e-01
-9.162699865739045713e-01
-8.352251922372757598e-01
-7.182961064323202249e-01
-5.925790308800195083e-01
-4.924935920908092291e-01
-4.285365555962407091e-01
-5.606005126327352484e-01
-2.796289515440009699e-01
-2.796289515440009699e-01
-2.852435005492493514e-01
-3.697058464542902212e-01
-4.373245453435860020e-01
-6.970584645429024340e-01
-6.909556938850237584e-01
-8.015378982057854707e-01
-8.879531307213475166e-01
-9.367752959843769212e-01
-9.585011595264250062e-01
-9.860856829000366197e-01
-9.819357988526791203e-01
-9.655803734895642698e-01
-8.813621384108385470e-01
-7.622360551690468000e-01
-6.435981935798852360e-01
-5.066520200170877564e-01
-4.082753570120835063e-01
-3.406566581227877255e-01
-2.784083974124252348e-01
-8.659831563529842846e-01
-2.615647503966800902e-01
-3.335774441596484619e-01
-4.473330892225070299e-01
-5.642621750274624537e-01
-6.453069693640912652e-01
-7.402660808006834570e-01
-7.964115708531673832e-01
-8.537776150372269335e-01
-8.801415842792628119e-01
-9.074819968265592784e-01
-9.480043939948736842e-01
-9.318930794580739807e-01
-8.899060173318686928e-01
-7.956792383742219421e-01
-6.641035029903575859e-01
-5.378982057854265753e-01
-3.926522641279140968e-01
-3.250335652386183161e-01
-2.784083974124252348e-01
-2.867081655071402335e-01
-3.587208592701086052e-01
-4.749176125961186434e-01
-5.881850360063468619e-01
-7.273282070059806648e-01
-8.449896252898816407e-01
-9.118759917002319249e-01
-9.528866105211766246e-01
-9.631392652264127996e-01
-9.560600512632735359e-01
-9.545953863053826538e-01
-9.289637495422922164e-01
-8.850238008055657524e-01
-8.313194190162334074e-01
-7.368485292322713986e-01
-6.453069693640912652e-01
-5.801293787379470102e-01
-5.178811180275845194e-01
-3.167337971439033173e-01
-2.337361161967533296e-01
-4.024166971805199777e-01
-3.924081533015989498e-01
-4.583180764066886459e-01
-4.478213108751373239e-01
-3.548150860490662528e-01
-4.426949835225192365e-01
-7.578420602953741536e-01
-8.689124862687660489e-01
-9.309166361528133926e-01
-9.494690589527645663e-01
-8.862443549371414875e-01
-9.248138654949347170e-01
-8.703771512266569310e-01
-8.076406688636641462e-01
-5.562065177590626019e-01
-5.083607958012937855e-01
-4.058342487489320360e-01
-3.687294031490296331e-01
-2.813377273282069990e-01
-2.173806908336384791e-01
-9.312828023922860299e-02
-6.957158549981691878e-03
1.098498718418161818e-03
4.796777737092640381e-02
8.409617966556816315e-02
3.551812522885389872e-02
-3.258879531307213445e-02
-1.465885512022458148e-01
-3.423654339069937547e-01
-4.929818137434395231e-01
-5.359453191749053991e-01
-4.107164652752349765e-01
-4.099841327962895354e-01
-5.305748809959721646e-01
-5.515684120590748085e-01
-6.709386061271817026e-01
-7.073111192481386089e-01
-6.653240571219333210e-01
-5.361894300012205461e-01
-4.341511046014890907e-01
-3.284511168070303744e-01
-2.437446600756743575e-01
-1.592823141706334600e-01
-1.595264249969486070e-01
-2.024899304284145107e-01
-3.062370316123519953e-01
-4.878554863908214356e-01
-5.283778835591358414e-01
-5.776882704747955399e-01
-4.890760405223971707e-01
-3.225924569754668458e-01
-2.261686805809837719e-01
-2.029781520810448048e-01
-2.007811546442084816e-01
-1.807640668863663980e-01
-2.965946539729037018e-02
8.873428536555595658e-02
-2.474063224704015629e-01
-4.473330892225070299e-01
-6.700842182350787157e-02
1.407298913706822863e-01
1.378005614549005220e-01
2.425241059440986224e-01
-2.013914317099963283e-02
1.089954839497131733e-01
9.044306114976198574e-02
3.210057366044184041e-02
-4.162089588673257429e-02
-2.184791895520566199e-02
8.385206883925301613e-02
1.028927132918344978e-01
1.965092151836933879e-02
-1.565970950811668427e-01
-8.922250701818625063e-02
-1.480532161601366969e-01
9.434883437080435198e-02
2.044428170389356869e-01
7.579641157085316439e-02
-5.162943976565360915e-02
-1.275479067496643470e-01
-1.041132674234102329e-01
-1.138777004760161138e-01
-2.068839253020871571e-01
-2.491150982546075920e-01
-1.087513731233980263e-01
-9.752227511290126327e-02
-1.629439765653606653e-01
5.236177224459905022e-02
2.010252654705236286e-01
2.674234102282436187e-01
3.919199316489686558e-01
2.352007811546442118e-01
1.544000976443305195e-01
-3.795923349200536895e-02
-2.801171731966312639e-01
-6.128402294641767112e-01
-5.195898938117905486e-01
-5.000610277065787868e-01
-6.279751006957158266e-01
-6.404247528377883247e-01
-5.066520200170877564e-01
-6.338337605272793551e-01
-7.934822409373856189e-01
-7.827413645795191499e-01
-8.408397412425241413e-01
-5.225192237275723128e-01
2.715732942756011181e-01
5.103136824118149617e-01
1.341388990601733167e-01
6.627608934456243051e-02
3.120956914439155239e-01
8.116684974978639888e-02
-1.428048333943610429e-02
-3.640912974490418397e-01
-7.461247406322469855e-01
-7.280605394849261058e-01
-6.357866471378005313e-01
-3.499328695227633124e-01
-2.286097888441352421e-01
1.598925912364213345e-02
1.024044916392042037e-01
1.807640668863663980e-01
-5.776882704747955399e-01
-4.575857439277432048e-01
-7.339191993164896344e-01
-7.856706944953009142e-01
-4.773587208592701137e-01
-3.081899182228731715e-01
-3.269864518491394922e-01
3.250335652386183161e-01
3.047723666544611132e-01
