-9.792505797632125031e-01
-9.226168680580983938e-01
-8.396191871109484062e-01
-7.275723178322958118e-01
-6.033199072378859773e-01
-4.822409373855730541e-01
-3.963139265226413022e-01
-3.282070059807152274e-01
-3.147809105333821411e-01
-2.898816062492371448e-01
-3.108751373123397888e-01
-3.875259367752960094e-01
-4.797998291224215839e-01
-5.857439277431953917e-01
-6.902233614060783173e-01
-7.966556816794825302e-01
-8.999145612107897207e-01
-9.563041620895886830e-01
-9.917002319052850012e-01
-9.816916880263639733e-01
-9.299401928475528045e-01
-8.471866227267179639e-01
-7.314780910533381642e-01
-6.226046625167825921e-01
-4.839497131697790833e-01
-4.097400219699743884e-01
-3.113633589649700828e-01
-2.886610521176614097e-01
-2.901257170755522918e-01
-3.462712071280361070e-01
-3.819113877700476278e-01
-4.273160014646649740e-01
-4.817527157329427601e-01
-5.608446234590503954e-01
-6.426217502746246479e-01
-7.390455266691077219e-01
-8.073965580373489992e-01
-8.640302697424631084e-01
-9.333577444159648628e-01
-9.765653606737458858e-01
-9.445868424264616259e-01
-8.469425119004028168e-01
-7.417307457585743391e-01
-6.218723300378371510e-01
-5.278896619065055473e-01
-4.527035274014402644e-01
-3.882582692542414504e-01
-3.216160136702062577e-01
-2.649823019650921485e-01
-3.133162455754912590e-01
-3.631148541437812516e-01
-3.750762846332235112e-01
-5.178811180275845194e-01
-6.565360673745880282e-01
-7.815208104479434148e-01
-8.584157207372147269e-01
-9.167582082265348653e-01
-9.216404247528378058e-01
-8.945441230318564863e-01
-8.476748443793482579e-01
-8.205785426583669384e-01
-7.961674600268522362e-01
-7.895764677163432665e-01
-7.412425241059440451e-01
-6.592212864640546455e-01
-5.659709508116684828e-01
-4.348834370804345317e-01
-3.701940681069205152e-01
-3.252776760649334631e-01
-4.819968265592579071e-01
-5.637739533748321596e-01
-6.782619309166361132e-01
-7.656536067374588583e-01
-8.415720737214695824e-01
-8.847796899792506053e-01
-8.879531307213475166e-01
-8.506041742951300222e-01
-7.544245087269620953e-01
-6.704503844745514085e-01
-5.872085927010862738e-01
-5.117783473697058438e-01
-4.697912852435005560e-01
-3.719028438911265444e-01
-3.172220187965336113e-01
-2.491150982546075920e-01
-2.574148663493225908e-01
-2.740144025387525883e-01
-3.223483461491516988e-01
-3.958257048700110081e-01
-5.664591724642987769e-01
-6.362748687904308253e-01
-7.568656169901135655e-01
-8.227755400952032616e-01
-8.918589039423898690e-01
-9.174905407054803064e-01
-9.128524350054925129e-01
-8.706212620529720780e-01
-8.176492127425851741e-01
-7.317222018796533112e-01
-6.921762480165994935e-01
-5.923349200537043613e-01
-5.132430123275967260e-01
-4.212132308067862985e-01
-3.777615037226901284e-01
-3.513975344806541945e-01
-3.714146222384962504e-01
-3.560356401806419879e-01
-4.285365555962407091e-01
-5.278896619065055473e-01
-6.147931160746978874e-01
-6.968143537165872869e-01
-8.059318930794581171e-01
-8.657390455266691376e-01
-8.972293421213231035e-01
-9.148053216160136891e-01
-8.852679116318808994e-01
-8.239960942267789967e-01
-7.441718540217258093e-01
-6.555596240693274401e-01
-5.610887342853655424e-01
-4.817527157329427601e-01
-4.182839008910045342e-01
-4.238984498962529157e-01
-4.339069937751739436e-01
-4.588062980593189399e-01
-5.278896619065055473e-01
-6.099108995483949469e-01
-6.858293665324056709e-01
-7.639448309532528292e-01
-8.257048700109850259e-01
-8.488953985109239930e-01
-7.893323568900281195e-01
-7.341633101428047814e-01
-7.490540705480287498e-01
-7.141462223849627255e-01
-6.848529232271450828e-01
-5.854998169168802447e-01
-4.700353960698157030e-01
-3.670206273648236039e-01
-3.162455754912730232e-01
-3.238130111070425809e-01
-2.732820700598071473e-01
-2.200659099231050964e-01
-2.452093250335652397e-01
-2.862199438545099395e-01
-3.430977663859391957e-01
-4.636885145856218804e-01
-5.427804223117295157e-01
-6.772854876113755251e-01
-7.597949469058953298e-01
-8.147198828268034099e-01
-7.986085682900037064e-01
-8.034907848163066468e-01
-7.793238130111070916e-01
-6.980349078481630221e-01
-6.260222140851946504e-01
-5.449774197485658389e-01
-4.622238496277309983e-01
-3.645795191016721337e-01
-2.813377273282069990e-01
-2.605883070914195021e-01
-2.854876113755644984e-01
-3.091663615281337596e-01
-3.091663615281337596e-01
-2.964725985597461144e-01
-3.675088490174538980e-01
-4.819968265592579071e-01
-5.618210667643109835e-01
-6.694739411692908204e-01
-7.392896374954228689e-01
-7.929940192847553249e-01
-8.366898571951666419e-01
-8.332723056267545836e-01
-7.766385939216404743e-01
-5.842792627853045095e-01
4.259733919199316238e-02
-2.120102526547052446e-01
-1.124130355181252316e-01
-1.529354326864396374e-01
-2.087147564994507390e-02
5.992920786036860792e-02
-2.002929329915781875e-01
-1.077749298181374382e-01
4.577077993409007367e-02
-1.856462834126693384e-01
-4.992066398144757999e-02
1.556206517759062546e-01
-5.040888563407787404e-02
-2.388624435493714171e-01
-1.529354326864396374e-01
-2.233614060783595603e-02
-1.063102648602465561e-01
-1.639204198706212534e-01
7.628463322348345843e-02
1.670938606127181647e-01
1.526913218601244904e-01
-1.475649945075064029e-01
1.514707677285487553e-01
5.065299646039302106e-02
