-9.809593555474185322e-01
-9.262785304528255992e-01
-8.354693030635909068e-01
-7.185402172586353720e-01
-6.072256804589283297e-01
-4.810203832539973190e-01
-4.326864396435982085e-01
-3.343097766385939029e-01
-3.023312583913096430e-01
-3.020871475649944959e-01
-3.274746735017697863e-01
-3.975344806542170373e-01
-4.815086049066276130e-01
-5.732942756011228935e-01
-6.829000366166239067e-01
-7.964115708531673832e-01
-8.813621384108385470e-01
-9.619187110948370645e-01
-9.890150128158183840e-01
-9.760771390211155918e-01
-9.284755278896619224e-01
-8.408397412425241413e-01
-7.439277431954106623e-01
-6.050286830220920065e-01
-5.051873550591968742e-01
-4.134016843647015937e-01
-3.189307945807396405e-01
-3.055046991334065543e-01
-2.974490418650067025e-01
-3.347979982912241970e-01
-3.562797510069571350e-01
-4.431832051751495305e-01
-4.817527157329427601e-01
-5.649945075064078948e-01
-6.362748687904308253e-01
-7.268399853533503707e-01
-7.959233492005370891e-01
-8.796533626266325179e-01
-9.372635176370072152e-01
-9.785182472842670620e-01
-9.511778347369705955e-01
-8.632979372635176674e-01
-7.375808617112168397e-01
-6.304162089588672968e-01
-5.327718784328084878e-01
-4.531917490540705584e-01
-3.855730501647748332e-01
-3.267423410228243452e-01
-2.752349566703283235e-01
-3.399243256438422844e-01
-3.660441840595630159e-01
-4.070548028805077712e-01
-5.100695715854998147e-01
-6.604418405956303806e-01
-7.673623825216648875e-01
-8.525570609056511984e-01
-9.091907726107653076e-01
-9.323813011107042747e-01
-9.001586720371048678e-01
-8.430367386793604645e-01
-8.054436714268278230e-01
-8.034907848163066468e-01
-7.868912486268766493e-01
-7.400219699743683099e-01
-6.619065055535212627e-01
-5.527889661906505436e-01
-4.551446356645917346e-01
-3.562797510069571350e-01
-3.328451116807030208e-01
-3.372391065543756672e-01
-3.782497253753204225e-01
-4.112046869278652705e-01
-4.812644940803124660e-01
-5.454656414011961330e-01
-1.458562187233003737e-01
-8.903942389844989869e-01
-8.401074087635787002e-01
-7.739533748321738571e-01
-6.677651653850847913e-01
-5.625533992432564245e-01
-5.137312339802270200e-01
-4.566093006224826167e-01
-3.775173928963749814e-01
-3.125839130965458179e-01
-2.718174051019162651e-01
-2.574148663493225908e-01
-2.806053948492615580e-01
-3.513975344806541945e-01
-4.092518003173440944e-01
-5.015256926644696689e-01
-5.645062858537776007e-01
-6.477480776272427354e-01
-7.265958745270352237e-01
-7.680947150006103286e-01
-8.064201147320884111e-01
-8.073965580373489992e-01
-7.986085682900037064e-01
-7.495422922006590438e-01
-6.919321371902843465e-01
-6.213841083852068570e-01
-5.488831929696081913e-01
-5.276455510801904003e-01
-5.025021359697302570e-01
-5.271573294275601063e-01
-5.864762602221408327e-01
-5.867203710484559798e-01
-6.316367630904430319e-01
-6.567801782009031752e-01
-6.616623947272061157e-01
-6.914439155376540525e-01
-7.527157329427560661e-01
-7.910411326742341487e-01
-8.039790064689369409e-01
-8.095935554741853224e-01
-7.768827047479556214e-01
-7.407543024533137510e-01
-6.706944953008665555e-01
-5.637739533748321596e-01
-4.707677285487611440e-01
-4.236543390699377687e-01
-3.506652020017087534e-01
-2.959843769071158204e-01
-2.749908458440131764e-01
-2.644940803124618545e-01
-2.979372635176369966e-01
-3.372391065543756672e-01
-4.087635786647138003e-01
-5.129989015012815790e-01
-5.649945075064078948e-01
-6.367630904430611194e-01
-6.921762480165994935e-01
-7.810325887953131208e-01
-8.142316611741731158e-01
-8.144757720004882628e-01
-7.654094959111437113e-01
-6.833882582692542007e-01
-6.155254485536433284e-01
-5.239838886854631950e-01
-4.514829732698645293e-01
-3.050164774807762602e-01
-2.830465031124130282e-01
-2.786525082387403818e-01
-2.520444281703893563e-01
-2.332478945441230356e-01
-2.864640546808250865e-01
-3.372391065543756672e-01
-4.404979860856829132e-01
-5.400952032222628985e-01
-6.675210545587696442e-01
-7.556450628585378304e-01
-8.108141096057610575e-01
-8.017820090321006177e-01
-8.030025631636763528e-01
-7.654094959111437113e-01
-6.982790186744781691e-01
-6.311485414378127379e-01
-5.422922006590992217e-01
-4.614915171487855572e-01
-3.648236299279872807e-01
-2.786525082387403818e-01
-2.422799951177834754e-01
-3.069693640912974364e-01
-3.074575857439277304e-01
-3.164896863175881703e-01
-3.240571219333577280e-01
-3.762968387647992463e-01
-4.422067618698889424e-01
-5.781764921274258340e-01
-6.663005004271939091e-01
-7.341633101428047814e-01
-7.881118027584523844e-01
-8.391309654583181121e-01
-8.235078725741487027e-01
-7.824972537532040029e-01
-5.735383864274380405e-01
1.867447821310875070e-02
-2.239716831441474487e-01
-9.019895032344683872e-02
-1.519589893811790493e-01
-1.379226168680581024e-02
5.944098620773831387e-02
-2.000488221652630405e-01
-1.102160380812889084e-01
5.382643720248993235e-02
-1.788111802758452218e-01
-3.478579274990845766e-02
1.434151104601489035e-01
-6.713047723666544855e-03
-2.352007811546442118e-01
-1.490296594653972850e-01
-2.184791895520566199e-02
-1.070425973391919972e-01
-1.680703039179787528e-01
6.676431099719272455e-02
1.941901623336995120e-01
1.636763090443061064e-01
-1.480532161601366969e-01
1.683144147442938998e-01
5.992920786036860792e-02
