-9.821799096789942674e-01
-9.340900768949103039e-01
-8.701330404003417840e-01
-8.030025631636763528e-01
-8.008055657268400296e-01
-8.093494446478701754e-01
-8.476748443793482579e-01
-9.091907726107653076e-01
-9.450750640790919199e-01
-9.572806053948492711e-01
-9.389722934212132444e-01
-8.830709141950445762e-01
-8.259489808373001729e-01
-8.066642255584035581e-01
-8.003173440742097355e-01
-8.191138777004760563e-01
-8.691565970950811959e-01
-9.304284145001830986e-01
-9.704625900158672103e-01
-9.853533504210911786e-01
-9.592334920053704472e-01
-9.040644452581472201e-01
-8.435249603319907585e-01
-7.983644574636885594e-01
-8.008055657268400296e-01
-8.320517514951788485e-01
-8.796533626266325179e-01
-9.238374221896741290e-01
-9.445868424264616259e-01
-9.414134016843647146e-01
-9.218845355791529528e-01
-8.620773831319419322e-01
-8.049554497741975290e-01
-7.793238130111070916e-01
-7.658977175637740054e-01
-7.619919443427316530e-01
-8.237519834004638497e-01
-8.708653728792872251e-01
-8.972293421213231035e-01
-9.216404247528378058e-01
-8.523129500793360513e-01
-7.004760161113144923e-01
-6.501891858903942056e-01
-6.177224459904796516e-01
-6.294397656536067087e-01
-6.785060417429512603e-01
-7.295252044428169880e-01
-7.700476016111315047e-01
-8.113023312583913516e-01
-8.567069449530086978e-01
-8.737947027950689893e-01
-6.929085804955449346e-01
-6.767972659587452311e-01
-7.202489930428414011e-01
-7.329427560112290463e-01
-6.999877944586841982e-01
-7.048700109849871387e-01
-7.412425241059440451e-01
-7.851824728426706201e-01
-8.091053338215550284e-01
-7.817649212742585618e-01
-7.627242768216770941e-01
-7.778591480532162095e-01
-7.937263517637007659e-01
-8.076406688636641462e-01
-8.213108751373123795e-01
-8.425485170267301704e-01
-8.525570609056511984e-01
-8.073965580373489992e-01
-7.173196631270596368e-01
-6.304162089588672968e-01
-5.405834248748931925e-01
-4.622238496277309983e-01
-4.119370194068107116e-01
-2.740144025387525883e-01
-8.222873184425729676e-01
-8.762358110582204596e-01
-9.038203344318320731e-01
-8.960087879897473684e-01
-8.750152569266447244e-01
-8.410838520688392883e-01
-7.895764677163432665e-01
-7.524716221164409191e-01
-7.473452947638227206e-01
-7.749298181374344452e-01
-8.276577566215062021e-01
-8.835591358476748702e-01
-9.016233369949957499e-01
-8.879531307213475166e-01
-8.352251922372757598e-01
-7.641889417795679762e-01
-7.204931038691565481e-01
-7.082875625533991970e-01
-7.092640058586597851e-01
-7.627242768216770941e-01
-8.171609910899548801e-01
-8.735505919687538423e-01
-9.052849993897229552e-01
-8.803856951055779589e-01
-8.701330404003417840e-01
-8.247284267057244378e-01
-7.654094959111437113e-01
-7.524716221164409191e-01
-7.715122665690223869e-01
-8.315635298425485544e-01
-8.869766874160869286e-01
-9.138288783107531010e-01
-9.111436592212864838e-01
-8.979616746002685446e-01
-8.581716099108995799e-01
-8.156963261320639980e-01
-7.622360551690468000e-01
-7.483217380690833087e-01
-7.458806298059318385e-01
-8.098376663005004694e-01
-8.308311973636031134e-01
-8.584157207372147269e-01
-8.681801537898206078e-01
-8.518247284267057573e-01
-8.471866227267179639e-01
-8.176492127425851741e-01
-7.629683876479922411e-01
-7.361161967533259576e-01
-7.656536067374588583e-01
-8.117905529110216456e-01
-8.498718418161845811e-01
-8.689124862687660489e-01
-8.689124862687660489e-01
-8.249725375320395848e-01
-8.081288905162944403e-01
-7.768827047479556214e-01
-7.688270474795557696e-01
-7.864030269742463553e-01
-8.222873184425729676e-01
-8.501159526424997281e-01
-8.816062492371536941e-01
-8.945441230318564863e-01
-8.801415842792628119e-01
-8.283900891004516431e-01
-8.296106432320273782e-01
-7.905529110216038546e-01
-7.512510679848651840e-01
-7.319663127059684582e-01
-7.541803979006469483e-01
-8.039790064689369409e-01
-8.432808495056756115e-01
-8.767240327108507536e-01
-8.767240327108507536e-01
-8.586598315635298739e-01
-8.183815452215306152e-01
-7.932381301110704719e-01
-7.637007201269376822e-01
-7.168314414744293428e-01
-7.239106554375686065e-01
-7.319663127059684582e-01
-7.492981813743438968e-01
-7.449041865006712504e-01
-7.749298181374344452e-01
-8.711094837056023721e-01
-8.244843158794092908e-01
-7.966556816794825302e-01
-7.749298181374344452e-01
-7.727328207005981220e-01
-7.842060295374100320e-01
-8.235078725741487027e-01
-8.440131819846210526e-01
-8.442572928109361996e-01
-8.559746124740632567e-01
-8.452337361161967877e-01
-8.152081044794337039e-01
-8.047113389478823819e-01
-7.878676919321372374e-01
-8.244843158794092908e-01
-7.427071890638349272e-01
-7.846942511900403261e-01
3.478579274990845766e-02
-5.210545587696814307e-01
-2.254363481020383309e-01
-3.307701696570242850e-02
-2.613206395703649432e-01
9.019895032344683872e-02
7.445380202611985923e-03
-1.680703039179787528e-01
1.148541437812767019e-01
-2.559502013914317087e-01
-3.321127792017575797e-01
-4.357378249725375047e-02
-1.829610643232027212e-01
-1.021603808128890567e-01
8.995483949713169169e-02
-1.302331258391309643e-01
-1.402416697180519922e-01
2.355669473941169462e-02
9.386061271817405793e-02
-2.735261808861222943e-01
6.407909190772610730e-02
-3.001342609544733198e-01
-6.261442694983522517e-02
5.162943976565360915e-02
