9.860856829000366197e-01
9.406810692054192735e-01
9.157817649212742772e-01
9.294519711949225105e-01
9.660685951421945639e-01
9.931648968631758834e-01
9.890150128158183840e-01
9.516660563896008895e-01
9.279873062370316283e-01
9.223727572317832468e-01
9.589893811790553002e-01
9.907237886000244131e-01
9.941413401684364715e-01
9.611863786158916234e-01
9.292078603686073635e-01
9.187110948370560415e-01
9.426339558159404497e-01
9.804711338947882382e-01
9.995117783473697060e-01
9.804711338947882382e-01
9.438545099475161848e-01
9.299401928475528045e-01
9.260344196265104522e-01
9.638715977053582407e-01
9.904796777737092661e-01
9.843769071158305906e-01
9.606981569632613294e-01
9.231050897107286879e-01
9.253020871475650111e-01
9.372635176370072152e-01
9.709508116684975043e-01
9.809593555474185322e-01
9.650921518369339758e-01
9.392164042475283914e-01
9.409251800317344205e-01
9.511778347369705955e-01
9.826681313316245614e-01
9.899914561210789721e-01
9.689979250579763281e-01
9.116318808739167778e-01
8.745270352740144304e-01
9.257903088001953051e-01
9.453191749054070669e-01
9.550836079580129478e-01
9.523983888685463306e-01
9.096789942633956016e-01
8.640302697424631084e-01
8.239960942267789967e-01
8.405956304162089943e-01
9.340900768949103039e-01
9.668009276211400049e-01
9.709508116684975043e-01
8.984498962528988386e-01
8.803856951055779589e-01
9.238374221896741290e-01
9.472720615159282431e-01
9.421457341633101557e-01
8.862443549371414875e-01
8.518247284267057573e-01
8.552422799951178156e-01
8.755034785792750185e-01
8.869766874160869286e-01
8.921030147687050160e-01
8.488953985109239930e-01
8.183815452215306152e-01
7.959233492005370891e-01
7.942145734163310600e-01
8.266813133162456140e-01
8.845355791529354583e-01
9.091907726107653076e-01
8.835591358476748702e-01
8.706212620529720780e-01
8.584157207372147269e-01
8.823385817160991351e-01
6.655681679482484681e-01
9.924325643842304423e-01
9.782741364579519150e-01
9.558159404369583889e-01
9.228609788844135409e-01
9.318930794580739807e-01
9.484926156475039782e-01
9.689979250579763281e-01
9.841327962895154435e-01
9.611863786158916234e-01
8.864884657634566345e-01
8.449896252898816407e-01
8.652508238740388435e-01
9.426339558159404497e-01
9.824240205053094144e-01
9.726595874527035335e-01
9.277431954107164813e-01
8.828268033687294292e-01
8.947882338581716333e-01
9.523983888685463306e-01
9.880385695105577959e-01
9.738801415842792686e-01
9.345782985475405980e-01
9.233492005370438349e-01
9.379958501159526563e-01
9.448309532527767729e-01
9.848651287684608846e-01
9.882826803368729429e-01
9.716831441474429454e-01
9.480043939948736842e-01
9.480043939948736842e-01
9.560600512632735359e-01
9.816916880263639733e-01
9.753448065421701507e-01
9.677773709264005930e-01
9.509337239106554485e-01
9.135847674844379540e-01
9.414134016843647146e-01
9.589893811790553002e-01
9.226168680580983938e-01
8.171609910899548801e-01
8.283900891004516431e-01
8.708653728792872251e-01
9.216404247528378058e-01
9.521542780422311836e-01
9.804711338947882382e-01
9.758330281948004448e-01
9.353106310264860390e-01
8.779445868424264887e-01
9.033321127792017791e-01
9.685097034053460341e-01
9.716831441474429454e-01
9.538630538264372127e-01
9.289637495422922164e-01
9.047967777370926612e-01
9.253020871475650111e-01
9.506896130843403014e-01
9.777859148053216209e-01
9.699743683632369162e-01
9.445868424264616259e-01
9.165140974002197183e-01
9.360429635054314801e-01
9.743683632369095626e-01
9.902355669473941191e-01
9.614304894422067704e-01
9.646039301843036817e-01
9.665568167948248579e-01
9.262785304528255992e-01
8.271695349688759080e-01
7.622360551690468000e-01
8.239960942267789967e-01
9.619187110948370645e-01
9.760771390211155918e-01
9.558159404369583889e-01
9.221286464054680998e-01
9.148053216160136891e-01
9.460515073843525080e-01
9.804711338947882382e-01
9.409251800317344205e-01
9.140729891370682481e-01
8.991822287318442797e-01
9.067496643476138374e-01
9.348224093738557450e-01
9.411692908580495676e-01
9.311607469791285396e-01
9.189552056633711885e-01
9.101672159160258957e-01
9.123642133528622189e-01
9.255461979738801581e-01
9.599658244843158883e-01
9.714390333211277984e-01
9.567923837422189770e-01
9.453191749054070669e-01
9.421457341633101557e-01
9.626510435737825055e-01
9.731478091053338275e-01
9.614304894422067704e-01
9.257903088001953051e-01
8.896619065055535458e-01
8.586598315635298739e-01
9.030880019528866320e-01
2.642499694861467074e-01
5.930672525326498024e-01
6.603197851824728348e-02
3.836201635542536570e-01
1.281581838154522215e-02
1.843036738679360367e-02
3.994873672647382135e-01
4.788233858171609958e-01
3.599414134016843403e-01
5.134871231539118730e-01
3.853289393384596861e-01
2.447211033809349456e-01
1.900402782863420126e-01
1.342609544733308841e-03
2.447211033809349456e-01
2.599780300256316484e-02
2.818259489808372931e-01
-1.452459416575125131e-02
3.196631270596850816e-01
3.316245575491272857e-01
1.548883192969608136e-01
2.212864640546808315e-01
-1.312095691443915524e-01
1.769803490784816261e-02
