-9.814475772000488263e-01
-9.221286464054680998e-01
-8.445014036372513466e-01
-7.241547662638837535e-01
-6.045404613694617124e-01
-4.981081410960576106e-01
-4.102282436226046825e-01
-7.158549981691687547e-01
-3.147809105333821411e-01
-3.069693640912974364e-01
-3.201513487123153756e-01
-3.775173928963749814e-01
-4.724765043329671732e-01
-7.522275112901257721e-01
-6.855852557060905239e-01
-7.929940192847553249e-01
-8.869766874160869286e-01
-9.611863786158916234e-01
-9.926766752105455893e-01
-9.824240205053094144e-01
-9.384840717685829503e-01
-8.652508238740388435e-01
-7.546686195532772423e-01
-7.397778591480531629e-01
-5.142194556328573141e-01
-4.087635786647138003e-01
-3.504210911753936064e-01
-3.179543512754790524e-01
-3.055046991334065543e-01
-9.743683632369095626e-01
-3.865494934700354213e-01
-4.583180764066886459e-01
-4.397656536067374722e-01
-5.005492493592090808e-01
-5.657268399853533358e-01
-8.625656047845722263e-01
-9.340900768949103039e-01
-9.748565848895398567e-01
-9.729036982790186805e-01
-8.708653728792872251e-01
-8.630538264372025203e-01
-7.497864030269741908e-01
-6.638593921640424389e-01
-5.403393140485780455e-01
-4.307335530330770323e-01
-3.794702795068961576e-01
-3.008665934334187608e-01
-2.791407298913706758e-01
-3.243012327596728750e-01
-3.587208592701086052e-01
-4.715000610277065851e-01
-5.444891980959355449e-01
-6.614182839008909687e-01
-7.751739289637495922e-01
-8.581716099108995799e-01
-9.255461979738801581e-01
-9.611863786158916234e-01
-9.516660563896008895e-01
-9.235933113633589819e-01
-8.457219577688270817e-01
-7.632124984743073881e-01
-6.221164408641522980e-01
-6.033199072378859773e-01
-3.926522641279140968e-01
-2.747467350176980294e-01
-1.739289637495422813e-01
-1.299890150128158173e-01
-1.670938606127181647e-01
-2.220187965336262725e-01
-3.518857561332844885e-01
-5.166605638960087843e-01
-6.645917246429878800e-01
-7.766385939216404743e-01
-6.140607835957524463e-01
-6.577566215061637633e-01
-7.746857073111192982e-01
-6.931526913218600816e-01
-6.990113511534236101e-01
-6.204076650799462689e-01
-5.498596362748687794e-01
-5.671915049432442180e-01
-5.730501647748077465e-01
-4.680825094592945268e-01
-3.079458073965580245e-01
-2.828023922860978812e-01
-2.459416575125106807e-01
-2.622970828756255313e-01
-3.157573538386427292e-01
-3.660441840595630159e-01
-3.941169290858049790e-01
-3.821554985963627749e-01
-4.724765043329671732e-01
-5.657268399853533358e-01
-5.300866593433418705e-01
-4.300012205541315913e-01
-2.984254851702672906e-01
-2.154278042231173029e-01
-1.946783839863298060e-01
-1.792994019284755158e-01
-3.199072378860002286e-01
-3.792261686805810106e-01
-9.727816428658611625e-02
-3.731233980227022795e-01
-4.185280117173196812e-01
-5.056755767118271683e-01
-2.110338093494446565e-01
-2.657146344440375896e-01
-5.337483217380690759e-01
-1.631880873916758123e-01
-1.448797754180397857e-01
-2.774319541071646467e-01
-3.133162455754912590e-01
-1.744171854021725754e-01
-5.236177224459905022e-02
-6.822897595508360669e-02
3.771512266569022193e-02
2.073721469547174512e-01
2.807274502624191193e-03
-7.701696570242889950e-02
-5.461979738801415740e-01
-4.317099963383376204e-01
-5.425363114854143687e-01
-3.548150860490662528e-01
-3.963139265226413022e-01
-3.968021481752715962e-01
-1.946783839863298060e-01
-3.470035396069815481e-01
-4.627120712803612923e-01
-2.547296472598559736e-01
-4.651531795435127625e-01
-2.261686805809837719e-01
6.102770657878676648e-04
5.162943976565360915e-02
6.163798364457463708e-02
8.897839619187110360e-02
-1.412181130233125803e-01
-2.708409617966556771e-01
-4.138899060173318878e-01
-3.196631270596850816e-01
-5.881850360063468619e-01
-5.955083607958012726e-01
-6.033199072378859773e-01
-4.939582570487001112e-01
-3.225924569754668458e-01
-3.199072378860002286e-01
-3.479799829122421362e-01
-4.351275479067496788e-01
-2.779201757597949407e-01
-4.949347003539606993e-01
-3.308922250701818446e-01
-4.275601122909801211e-01
-4.578298547540583519e-01
-5.147076772854876081e-01
-5.876968143537165679e-01
-3.504210911753936064e-01
-2.166483583546930380e-01
-2.103014768704992155e-01
-4.475772000488221769e-01
-4.041254729647260069e-01
-3.399243256438422844e-01
-3.409007689491028725e-01
-3.055046991334065543e-01
-2.759672891492737645e-01
-2.798730623703161169e-01
-3.762968387647992463e-01
-4.046136946173563009e-01
-5.103136824118149617e-01
-8.482851214451360422e-02
-2.427682167704137695e-01
-3.069693640912974364e-01
1.940681069205419176e-02
7.018186256560478287e-02
-2.369095569388502409e-01
-5.577932381301110853e-02
-4.788233858171609958e-01
-4.898083730013426118e-01
-7.107286708165506672e-01
-2.981813743439521436e-01
-1.475649945075064029e-01
4.210911753936286833e-02
-3.247894544123031690e-01
-2.330037837178078886e-01
-1.922372757231783358e-01
9.190772610765286788e-02
-4.406200414988404451e-02
-2.161601367020627440e-01
-1.502502135969730201e-01
1.468326620285609618e-01
-2.769437324545343526e-01
-1.965092151836933879e-02
-5.724398877090199067e-02
-1.478091053338215499e-01
-2.259245697546686249e-01
-4.256072256804589449e-01
-7.652874404979860545e-02
-2.403271085072622992e-01
-2.258025143415110306e-02
-2.381301110704259760e-01
-1.180275845233736132e-01
-2.879287196387159686e-01
