-9.768094715000610329e-01
-9.233492005370438349e-01
-8.335164164530697306e-01
-7.236665446112534594e-01
-6.011229098010496541e-01
-4.907848163066031999e-01
-4.190162333699499753e-01
-3.365067740754302261e-01
-3.067252532649822894e-01
-2.976931526913218495e-01
-3.438300988648846368e-01
-3.872818259489808623e-01
-4.624679604540461453e-01
-5.779323813011106870e-01
-6.946173562797509637e-01
-7.978762358110582653e-01
-8.940559013792261922e-01
-9.577688270474795651e-01
-9.912120102526547072e-01
-9.834004638105700025e-01
-9.382399609422678033e-01
-8.503600634688148752e-01
-7.600390577322104768e-01
-6.299279873062370028e-01
-5.149517881118027551e-01
-4.273160014646649740e-01
-3.294275601122909625e-01
-3.186866837544244935e-01
-2.937873794702794972e-01
-3.255217868912486101e-01
-3.855730501647748332e-01
-4.722323935066520262e-01
-5.591358476748443662e-01
-6.597095081166849395e-01
-7.666300500427194464e-01
-8.650067130477236965e-01
-9.353106310264860390e-01
-9.719272549737580924e-01
-9.729036982790186805e-01
-9.362870743317466271e-01
-8.625656047845722263e-01
-7.741974856584890041e-01
-6.724032710850725847e-01
-5.496155254485536323e-01
-4.356157695593799728e-01
-3.711705114121811033e-01
-3.081899182228731715e-01
-3.033077016965702311e-01
-3.462712071280361070e-01
-3.828878310753082159e-01
-4.456243134383010007e-01
-5.584035151958989251e-01
-6.428658611009397950e-01
-7.563773953374832715e-01
-8.383986329793726711e-01
-9.138288783107531010e-01
-9.533748321738069187e-01
-9.650921518369339758e-01
-9.194434273160014826e-01
-8.711094837056023721e-01
-7.688270474795557696e-01
-6.811912608324178775e-01
-5.750030513853289227e-01
-4.675942878066642328e-01
-3.875259367752960094e-01
-3.306481142438666976e-01
-3.045282558281459662e-01
-3.096545831807640536e-01
-3.682411814963993391e-01
-4.468448675698767358e-01
-5.442450872696203978e-01
-6.401806420114731777e-01
-7.434395215427803683e-01
-8.340046381057000247e-01
-9.008910045160503088e-01
-9.409251800317344205e-01
-9.570364945685341240e-01
-9.250579763212498641e-01
-8.733064811424386953e-01
-7.903088001952887076e-01
-6.926644696692297876e-01
-5.752471622116440697e-01
-4.656414011961430566e-01
-4.143781276699621818e-01
-3.379714390333211083e-01
-3.101428048333943477e-01
-3.294275601122909625e-01
-3.567679726595874290e-01
-4.422067618698889424e-01
-5.291102160380812824e-01
-6.230928841694128861e-01
-7.429512998901500742e-01
-8.054436714268278230e-01
-8.833150250213597232e-01
-9.235933113633589819e-01
-9.411692908580495676e-01
-9.226168680580983938e-01
-8.869766874160869286e-01
-7.834736970584645910e-01
-6.892469181008177292e-01
-5.854998169168802447e-01
-5.049432442328817272e-01
-4.253631148541437978e-01
-3.594531917490540462e-01
-3.472476504332966951e-01
-3.394361039912119904e-01
-3.726351763700719855e-01
-4.485536433540827650e-01
-5.464420847064567210e-01
-6.150372269010130344e-01
-7.207372146954716952e-01
-8.049554497741975290e-01
-8.632979372635176674e-01
-8.938117905529110452e-01
-8.972293421213231035e-01
-8.928353472476504571e-01
-8.332723056267545836e-01
-7.495422922006590438e-01
-6.509215183693396467e-01
-5.706090565116562763e-01
-4.905407054802880529e-01
-4.480654217014524709e-01
-4.075430245331380652e-01
-4.165751251067985050e-01
-4.561210789698523227e-01
-5.374099841327962812e-01
-6.262663249115097974e-01
-6.943732454534358167e-01
-7.683388258269254756e-01
-8.259489808373001729e-01
-8.396191871109484062e-01
-8.005614549005248826e-01
-7.366044184059562516e-01
-7.461247406322469855e-01
-7.153667765165384607e-01
-6.699621628219211145e-01
-5.767118271695349518e-01
-4.439155376540949716e-01
-3.418772122543634606e-01
-3.003783717807884668e-01
-3.023312583913096430e-01
-2.557060905651165617e-01
-2.364213352862199469e-01
-2.596118637861589140e-01
-2.669351885756133247e-01
-3.401684364701574315e-01
-4.600268521908946751e-01
-5.557182961064323079e-01
-6.562919565482728812e-01
-7.641889417795679762e-01
-8.039790064689369409e-01
-8.025143415110460587e-01
-8.025143415110460587e-01
-7.671182716953497405e-01
-7.031612352007811095e-01
-6.228487733430977391e-01
-5.432686439643598098e-01
-4.492859758330282061e-01
-3.723910655437568384e-01
-2.806053948492615580e-01
-2.566825338703771497e-01
-2.862199438545099395e-01
-3.160014646649578762e-01
-2.957402660808006734e-01
-3.064811424386671423e-01
-3.653118515806175748e-01
-4.573416331014280578e-01
-5.872085927010862738e-01
-6.782619309166361132e-01
-7.146344440375930196e-01
-8.034907848163066468e-01
-8.332723056267545836e-01
-8.247284267057244378e-01
-7.846942511900403261e-01
-5.845233736116196566e-01
3.551812522885389872e-02
-2.320273404125473005e-01
-9.678994263395582220e-02
-1.385328939338459631e-01
-2.111558647626022092e-02
6.407909190772610730e-02
-2.000488221652630405e-01
-1.063102648602465561e-01
5.992920786036860792e-02
-1.717319663127059581e-01
-4.015623092884169215e-02
1.534236543390699314e-01
-3.063590870255095827e-02
-2.515562065177590623e-01
-1.678261930916636058e-01
-2.648602465519345889e-02
-1.209569144391553774e-01
-1.727084096179665462e-01
6.896130843402904775e-02
1.512266569022336082e-01
1.631880873916758123e-01
-1.426827779812034624e-01
1.729525204442816932e-01
5.407054802880507938e-02
