-9.792505797632125031e-01
-9.292078603686073635e-01
-8.393750762846332591e-01
-7.263517637007200767e-01
-6.157695593799584755e-01
-5.122665690223361379e-01
-4.112046869278652705e-01
-3.291834492859758154e-01
-2.979372635176369966e-01
-2.959843769071158204e-01
-3.360185524227999321e-01
-3.904552666910777736e-01
-4.690589527645551149e-01
-5.750030513853289227e-01
-6.780178200903209662e-01
-7.942145734163310600e-01
-8.923471255950201630e-01
-9.592334920053704472e-01
-9.904796777737092661e-01
-9.777859148053216209e-01
-9.267667521054558932e-01
-8.391309654583181121e-01
-7.507628463322348900e-01
-6.101550103747100939e-01
-4.920053704381789350e-01
-3.885023800805565974e-01
-3.228365678017819929e-01
-2.835347247650433222e-01
-3.001342609544733198e-01
-3.438300988648846368e-01
-3.614060783595752224e-01
-4.163310142804833580e-01
-4.939582570487001112e-01
-5.693885023800805412e-01
-6.492127425851336175e-01
-7.134138899060172845e-01
-7.978762358110582653e-01
-8.698889295740266370e-01
-9.336018552422800099e-01
-9.829122421579397084e-01
-9.470279506896130961e-01
-8.659831563529842846e-01
-7.368485292322713986e-01
-6.179665568167947987e-01
-5.293543268643964295e-01
-4.522153057488099703e-01
-3.836201635542536570e-01
-3.201513487123153756e-01
-2.791407298913706758e-01
-3.079458073965580245e-01
-3.489564262175027243e-01
-3.892347125595020385e-01
-5.325277676064933408e-01
-6.528744049798608229e-01
-7.678506041742951815e-01
-8.637861589161479614e-01
-9.167582082265348653e-01
-9.299401928475528045e-01
-8.999145612107897207e-01
-8.440131819846210526e-01
-8.083730013426095873e-01
-7.925057976321250308e-01
-7.846942511900403261e-01
-7.366044184059562516e-01
-6.670328329061393502e-01
-5.676797265958745120e-01
-4.553887464909068816e-01
-3.606737458806297814e-01
-3.399243256438422844e-01
-3.528621994385450766e-01
-3.714146222384962504e-01
-4.126693518857561527e-01
-4.746735017698034964e-01
-5.396069815696326044e-01
-1.612352007811546362e-01
-8.786769193213719298e-01
-8.454778469425119347e-01
-7.658977175637740054e-01
-6.565360673745880282e-01
-5.789088246063712750e-01
-5.259367752959843711e-01
-4.668619553277187917e-01
-3.711705114121811033e-01
-3.003783717807884668e-01
-2.532649823019650914e-01
-2.242157939704625957e-01
-2.854876113755644984e-01
-3.228365678017819929e-01
-4.395215427804223252e-01
-5.049432442328817272e-01
-5.903820334431831851e-01
-6.511656291956547937e-01
-7.273282070059806648e-01
-7.746857073111192982e-01
-8.149639936531185569e-01
-8.178933235689003212e-01
-7.971439033321128242e-01
-7.490540705480287498e-01
-6.811912608324178775e-01
-6.167460026852190635e-01
-5.381423166117417223e-01
-5.125106798486512849e-01
-5.110460148907604028e-01
-5.442450872696203978e-01
-5.996582448431587720e-01
-5.674356157695593650e-01
-6.497009642377639116e-01
-6.580007323324789104e-01
-6.572683998535334693e-01
-6.977907970218478750e-01
-7.478335164164530147e-01
-7.829854754058342969e-01
-7.947027950689613540e-01
-8.198462101794214973e-01
-7.890882460637129725e-01
-7.405101916269986040e-01
-6.684974978640302323e-01
-5.767118271695349518e-01
-4.702795068961308500e-01
-3.970462590015867432e-01
-3.477358720859269892e-01
-2.776760649334797937e-01
-2.793848407176858228e-01
-2.735261808861222943e-01
-3.177102404491639054e-01
-3.318686683754424327e-01
-4.258513365067740919e-01
-5.139753448065421670e-01
-5.737824972537531876e-01
-6.392041987062125896e-01
-7.073111192481386089e-01
-7.783473697058465035e-01
-8.222873184425729676e-01
-8.130111070425973807e-01
-7.637007201269376822e-01
-6.787501525692664073e-01
-6.272427682167703855e-01
-5.449774197485658389e-01
-4.502624191382887942e-01
-2.947638227755400853e-01
-3.040400341755156721e-01
-2.889051629439765567e-01
-2.383742218967411231e-01
-2.386183327230562701e-01
-2.698645184913950890e-01
-3.457829854754058130e-01
-4.292688880751861502e-01
-5.544977419748565728e-01
-6.619065055535212627e-01
-7.568656169901135655e-01
-8.078847796899792932e-01
-8.108141096057610575e-01
-7.966556816794825302e-01
-7.790797021847919446e-01
-7.146344440375930196e-01
-6.382277554009520015e-01
-5.164164530696936373e-01
-4.505065299646039412e-01
-3.845966068595142451e-01
-2.574148663493225908e-01
-2.474063224704015629e-01
-2.574148663493225908e-01
-3.081899182228731715e-01
-2.952520444281703793e-01
-3.072134749176125834e-01
-3.711705114121811033e-01
-4.732088368119126143e-01
-5.584035151958989251e-01
-6.792383742218967013e-01
-7.363603075796411046e-01
-7.954351275479067951e-01
-8.271695349688759080e-01
-8.261930916636153199e-01
-7.800561454900525327e-01
-5.608446234590503954e-01
1.891858903942389772e-02
-2.232393506652020077e-01
-8.922250701818625063e-02
-1.348712315391187577e-01
-1.281581838154522215e-02
7.530818991822287034e-02
-2.129866959599658327e-01
-1.175393628707433191e-01
4.845599902355669786e-02
-1.780788477968997807e-01
-5.529110216038081449e-02
1.473208836811912559e-01
-2.087147564994507390e-02
-2.542414256072256795e-01
-1.822287318442572801e-01
-3.161235200781154636e-02
-1.253509093128280238e-01
-1.707555230074453700e-01
6.822897595508360669e-02
1.819846210179421331e-01
1.648968631758818415e-01
-1.358476748443793458e-01
1.712437446600756641e-01
4.967655315513243297e-02
