-9.804711338947882382e-01
-9.199316489686317766e-01
-8.340046381057000247e-01
-7.146344440375930196e-01
-5.974612474063224488e-01
-4.866349322592457005e-01
-3.985109239594776254e-01
-7.051141218113022857e-01
-3.057488099597217013e-01
-3.003783717807884668e-01
-3.294275601122909625e-01
-4.026608080068351248e-01
-4.678383986329793798e-01
-7.597949469058953298e-01
-6.799707067008421424e-01
-8.061760039057732641e-01
-8.933235689002807511e-01
-9.609422677895764764e-01
-9.904796777737092661e-01
-9.794946905895276501e-01
-9.338459660685951569e-01
-8.379104113267423770e-01
-7.353838642743805165e-01
-7.661418283900891524e-01
-4.912730379592334939e-01
-3.982668131331624783e-01
-3.152691321860124352e-01
-2.823141706334675871e-01
-2.923227145123886150e-01
-9.626510435737825055e-01
-3.714146222384962504e-01
-4.163310142804833580e-01
-3.892347125595020385e-01
-4.409862077383132073e-01
-5.393628707433174574e-01
-7.143903332112778726e-01
-7.842060295374100320e-01
-8.598803856951056090e-01
-9.323813011107042747e-01
-9.194434273160014826e-01
-9.458073965580373610e-01
-8.625656047845722263e-01
-7.339191993164896344e-01
-6.472598559746124414e-01
-5.322836567801781937e-01
-4.470889783961918829e-01
-3.767850604174295404e-01
-3.184425729281093465e-01
-2.959843769071158204e-01
-3.387037715122665493e-01
-3.384596606859514023e-01
-3.855730501647748332e-01
-5.064079091907726093e-01
-6.540949591114365580e-01
-7.732210423532284160e-01
-8.650067130477236965e-01
-9.296960820212376575e-01
-9.370194068106920682e-01
-9.045526669107775142e-01
-8.625656047845722263e-01
-8.254607591846698789e-01
-8.149639936531185569e-01
-7.348956426217502225e-01
-6.951055779323812578e-01
-5.830587086537287744e-01
-4.556328573172220286e-01
-3.323568900280727267e-01
-2.334920053704381826e-01
-2.100573660441840684e-01
-2.869522763334553805e-01
-3.484682045648724302e-01
-3.960698156963261551e-01
-4.873672647381911416e-01
-2.886610521176614097e-01
-3.252776760649334631e-01
-5.440009764433052508e-01
-3.413889906017331666e-01
-5.095813499328695206e-01
-3.494446478701330183e-01
-4.112046869278652705e-01
-2.671792994019284717e-01
5.980715244721103788e-03
-6.850970340534602299e-01
-6.052727938484071535e-01
-6.206517759062614159e-01
-6.606859514219455276e-01
-6.560478457219577342e-01
-7.263517637007200767e-01
-7.207372146954716952e-01
-5.513243012327596615e-01
-1.805199560600512509e-01
-2.932991578176492031e-01
-3.650677407543024278e-01
-4.243866715488832098e-01
-2.964725985597461144e-01
-1.109483705602343495e-01
6.090565116562919601e-02
6.334675942878066623e-02
-6.554375686561698944e-02
-2.974490418650067025e-01
-4.707677285487611440e-01
-5.945319174905406845e-01
-5.461979738801415740e-01
-4.607591846698401161e-01
-5.630416208958867186e-01
-3.245453435859880220e-01
-2.476504332967167099e-01
-2.627853045282558253e-01
-2.871963871597705276e-01
-3.181984621017941994e-01
-4.011961430489442426e-01
-4.192603441962651223e-01
-4.014402538752593896e-01
-3.662882948858781629e-01
-3.089222507018186126e-01
-2.649823019650921485e-01
-2.212864640546808315e-01
-3.428536555596240487e-01
-2.730379592334920003e-01
-4.529476382277554114e-01
-6.045404613694617124e-01
-7.251312095691443416e-01
-8.042231172952520879e-01
-8.139875503478579688e-01
-6.589771756377394984e-01
-6.118637861589161231e-01
-7.163432198217990488e-01
-7.180519956060050779e-01
-4.900524838276577588e-01
-1.275479067496643470e-01
3.980227023068473313e-01
1.021603808128890567e-01
-1.509825460759184612e-01
-4.849261564750396714e-01
-6.814353716587330245e-01
-6.880263639692419941e-01
-6.184547784694250927e-01
-7.530818991822287034e-02
3.576223605516904575e-02
1.038691565970950859e-01
-3.616501891858903694e-01
-2.105455876968143625e-01
-4.033931404857805658e-01
-8.604906627608933933e-02
-5.947760283168558315e-01
-3.875259367752960094e-01
-1.587940925180031659e-01
-3.626266324911509575e-01
-2.220187965336262725e-01
-1.836933968021481622e-01
-1.463444403759306678e-01
-1.175393628707433191e-01
-1.370682289759550809e-01
-2.290980104967655362e-01
-2.168924691810081851e-01
-1.807640668863663980e-01
-1.526913218601244904e-01
-3.942389844989625108e-02
1.656291956548272826e-01
-2.530208714756499444e-01
-5.505919687538142204e-01
1.696570242890272154e-02
-3.284511168070303744e-01
-4.536799707067008525e-01
-4.749176125961186434e-01
-5.193457829854754015e-01
-5.298425485170267235e-01
-2.681557427071890598e-01
-2.071280361284023042e-01
-1.578176492127425778e-01
-3.819113877700476278e-01
-4.280483339436104151e-01
-4.348834370804345317e-01
-5.968509703405346090e-02
-2.339802270230684766e-01
-2.574148663493225908e-01
-1.678261930916636058e-01
3.844745514463566299e-02
-1.922372757231783358e-01
-1.651409740021969885e-01
-1.110704259733919126e-02
-3.240571219333577280e-01
1.597705358232637540e-01
1.098498718418161818e-03
-4.015623092884169215e-02
-2.688880751861345009e-01
-1.976077139021115703e-01
-2.117661418283900976e-01
-2.652264127914072955e-01
9.727816428658611625e-02
-2.078603686073477452e-01
-4.502624191382887942e-01
4.406200414988404451e-02
1.929696082021237769e-01
7.579641157085316439e-02
-2.974490418650067025e-01
-4.329305504699133555e-01
-5.461979738801415740e-01
-1.729525204442816932e-01
-3.020871475649944959e-01
