-9.765653606737458858e-01
-9.367752959843769212e-01
-8.689124862687660489e-01
-8.188697668741609093e-01
-7.956792383742219421e-01
-7.983644574636885594e-01
-8.496277309898694341e-01
-9.023556694739411910e-01
-9.404369583791041265e-01
-9.587452703527401532e-01
-9.321371902843891277e-01
-8.842914683266203113e-01
-8.435249603319907585e-01
-7.983644574636885594e-01
-7.876235811058220904e-01
-8.247284267057244378e-01
-8.791651409740022238e-01
-9.331136335896497158e-01
-9.711949224948126513e-01
-9.809593555474185322e-01
-9.521542780422311836e-01
-9.025997803002563380e-01
-8.388868546320029651e-01
-8.027584523373612058e-01
-7.822531429268888559e-01
-8.305870865372879663e-01
-8.828268033687294292e-01
-9.145612107896985421e-01
-9.387281825948980973e-01
-9.370194068106920682e-01
-9.108995483949713368e-01
-8.642743805687782555e-01
-7.951910167215916481e-01
-7.734651531795435631e-01
-7.637007201269376822e-01
-7.900646893689735606e-01
-8.210667643109972325e-01
-8.679360429635054608e-01
-9.099231050897107487e-01
-9.243256438423044230e-01
-8.366898571951666419e-01
-7.168314414744293428e-01
-6.582448431587940574e-01
-6.338337605272793551e-01
-6.348102038325399432e-01
-6.511656291956547937e-01
-7.336750884901744874e-01
-7.619919443427316530e-01
-8.113023312583913516e-01
-8.537776150372269335e-01
-8.701330404003417840e-01
-7.026730135481508155e-01
-6.719150494324422906e-01
-7.182961064323202249e-01
-7.312339802270230171e-01
-6.777737092640058192e-01
-7.034053460270962566e-01
-7.480776272427681617e-01
-7.878676919321372374e-01
-8.183815452215306152e-01
-7.817649212742585618e-01
-7.549127303795923893e-01
-7.754180397900647392e-01
-7.766385939216404743e-01
-7.920175759794947368e-01
-8.139875503478579688e-01
-8.415720737214695824e-01
-8.481630660319785520e-01
-8.181374343952154682e-01
-7.175637739533747839e-01
-6.186988892957402397e-01
-5.298425485170267235e-01
-4.236543390699377687e-01
-4.170633467594287991e-01
-2.820700598071524401e-01
-8.161845477846942920e-01
-8.720859270108629602e-01
-8.967411204686928095e-01
-8.860002441108263405e-01
-8.769681435371659006e-01
-8.283900891004516431e-01
-7.895764677163432665e-01
-7.654094959111437113e-01
-7.527157329427560661e-01
-7.773709264005859154e-01
-8.386427438056878181e-01
-8.769681435371659006e-01
-9.001586720371048678e-01
-8.923471255950201630e-01
-8.496277309898694341e-01
-7.724887098742829750e-01
-7.317222018796533112e-01
-7.092640058586597851e-01
-7.014524594165750804e-01
-7.749298181374344452e-01
-8.266813133162456140e-01
-8.701330404003417840e-01
-8.979616746002685446e-01
-8.860002441108263405e-01
-8.740388136213841364e-01
-8.225314292688881146e-01
-7.658977175637740054e-01
-7.522275112901257721e-01
-7.820090321005737088e-01
-8.254607591846698789e-01
-8.986940070792139856e-01
-9.170023190528500123e-01
-9.116318808739167778e-01
-8.867325765897717815e-01
-8.571951666056389918e-01
-8.078847796899792932e-01
-7.685829366532406226e-01
-7.561332845111681245e-01
-7.561332845111681245e-01
-7.968997925057976772e-01
-8.374221896741120830e-01
-8.567069449530086978e-01
-8.689124862687660489e-01
-8.737947027950689893e-01
-8.303429757109728193e-01
-8.137434395215428218e-01
-7.607713902111559179e-01
-7.256194312217746356e-01
-7.778591480532162095e-01
-8.064201147320884111e-01
-8.474307335530331109e-01
-8.830709141950445762e-01
-8.662272671792994316e-01
-8.364457463688514949e-01
-7.954351275479067951e-01
-7.741974856584890041e-01
-7.771268155742707684e-01
-7.781032588795313565e-01
-8.237519834004638497e-01
-8.537776150372269335e-01
-8.784328084950567828e-01
-8.850238008055657524e-01
-8.674478213108751667e-01
-8.347369705846454657e-01
-8.178933235689003212e-01
-7.890882460637129725e-01
-7.585743927743195947e-01
-7.222018796533625773e-01
-7.541803979006469483e-01
-8.071524472110338522e-01
-8.537776150372269335e-01
-8.659831563529842846e-01
-8.737947027950689893e-01
-8.593921640424753150e-01
-8.239960942267789967e-01
-7.893323568900281195e-01
-7.741974856584890041e-01
-7.165873306481141958e-01
-7.258635420480897826e-01
-7.341633101428047814e-01
-7.466129622848772796e-01
-7.492981813743438968e-01
-7.849383620163554731e-01
-8.650067130477236965e-01
-8.254607591846698789e-01
-7.903088001952887076e-01
-7.744415964848041511e-01
-7.705358232637617988e-01
-7.942145734163310600e-01
-8.259489808373001729e-01
-8.567069449530086978e-01
-8.508482851214451692e-01
-8.557305016477481097e-01
-8.232637617478335557e-01
-8.181374343952154682e-01
-8.015378982057854707e-01
-7.925057976321250308e-01
-8.127669962162822337e-01
-7.370926400585865457e-01
-7.907970218479190017e-01
4.357378249725375047e-02
-5.105577932381301087e-01
-2.388624435493714171e-01
-4.992066398144757999e-02
-2.808495056755767050e-01
8.482851214451360422e-02
3.405346027096301659e-02
-1.756377395337483105e-01
1.212010252654705245e-01
-2.598559746124740610e-01
-3.428536555596240487e-01
-5.040888563407787404e-02
-1.817405101916269861e-01
-1.209569144391553774e-01
9.727816428658611625e-02
-1.107042597339192025e-01
-1.417063346759428744e-01
4.210911753936286833e-02
7.579641157085316439e-02
-2.740144025387525883e-01
6.774075430245331264e-02
-2.788966190650555288e-01
-3.161235200781154636e-02
4.503844745514463260e-02
