-9.792505797632125031e-01
-9.274990845844013343e-01
-8.318076406688637014e-01
-7.195166605638959600e-01
-6.020993531063102422e-01
-4.778469425119004077e-01
-4.019284755278896837e-01
-7.080434517270840500e-01
-2.896374954229219978e-01
-3.133162455754912590e-01
-3.589649700964237522e-01
-4.090076894910289473e-01
-4.773587208592701137e-01
-7.383131941901622808e-01
-6.767972659587452311e-01
-8.012937873794703236e-01
-8.974734529476382505e-01
-9.602099353106310353e-01
-9.902355669473941191e-01
-9.851092395947760316e-01
-9.370194068106920682e-01
-8.503600634688148752e-01
-7.497864030269741908e-01
-7.312339802270230171e-01
-5.430245331380446627e-01
-4.199926766752105634e-01
-3.435859880385694898e-01
-3.018430367386793489e-01
-2.847552788966190573e-01
-9.802270230684730912e-01
-3.789820578542658636e-01
-4.505065299646039412e-01
-4.295129989015012972e-01
-5.112901257170755498e-01
-5.686561699011351001e-01
-8.694007079213963429e-01
-9.357988526791163331e-01
-9.704625900158672103e-01
-9.716831441474429454e-01
-8.715977053582326661e-01
-8.632979372635176674e-01
-7.661418283900891524e-01
-6.453069693640912652e-01
-5.281337727328206944e-01
-4.343952154278042377e-01
-3.377273282070059612e-01
-2.979372635176369966e-01
-2.845111680703039103e-01
-2.793848407176858228e-01
-3.501769803490784594e-01
-4.517270840961796763e-01
-5.447333089222506919e-01
-6.321249847430733260e-01
-7.512510679848651840e-01
-8.471866227267179639e-01
-9.174905407054803064e-01
-9.555718296106432419e-01
-9.570364945685341240e-01
-9.296960820212376575e-01
-8.735505919687538423e-01
-7.771268155742707684e-01
-6.660563896008787621e-01
-6.694739411692908204e-01
-4.263395581594043859e-01
-3.040400341755156721e-01
-1.758818503600634575e-01
-1.116807030391797906e-01
-1.946783839863298060e-01
-1.590382033443183130e-01
-2.918344928597583210e-01
-4.187721225436348282e-01
-6.157695593799584755e-01
-7.361161967533259576e-01
-4.392774319541071781e-01
-5.132430123275967260e-01
-8.388868546320029651e-01
-8.735505919687538423e-01
-8.696448187477114899e-01
-8.254607591846698789e-01
-7.456365189796166915e-01
-7.319663127059684582e-01
-6.682533870377150853e-01
-6.038081288905162713e-01
-4.375686561699011490e-01
-4.004638105699988015e-01
-3.538386427438056647e-01
-3.648236299279872807e-01
-4.539240815330159995e-01
-4.219455632857317395e-01
-4.707677285487611440e-01
-4.920053704381789350e-01
-6.101550103747100939e-01
-7.185402172586353720e-01
-5.261808861222995182e-01
-3.980227023068473313e-01
-2.832906139387281752e-01
-2.542414256072256795e-01
-3.167337971439033173e-01
-3.470035396069815481e-01
-3.826437202489930689e-01
-3.116074697912852298e-01
-4.312217746857073264e-01
-5.720737214695471584e-01
-5.088490174539240796e-01
-5.029903576223605510e-01
-3.626266324911509575e-01
-3.665324057121933099e-01
-3.553033077016965469e-01
-3.257658977175637571e-01
-3.577444159648480171e-01
-4.658855120224582036e-01
-5.894055901379225970e-01
-6.807030391797875835e-01
-7.473452947638227206e-01
-7.998291224215794415e-01
-8.283900891004516431e-01
-8.720859270108629602e-01
-7.639448309532528292e-01
-7.912852435005492957e-01
-7.473452947638227206e-01
-6.582448431587940574e-01
-5.774441596484803929e-01
-4.973758086171121695e-01
-4.280483339436104151e-01
-3.455388746490906660e-01
-2.937873794702794972e-01
-3.238130111070425809e-01
-2.476504332967167099e-01
-1.961430489442206881e-01
-2.298303429757109773e-01
-2.815818381545221460e-01
-2.674234102282436187e-01
-3.502990357622360468e-02
-6.944953008665934180e-02
1.006957158549981746e-01
-1.448797754180397857e-01
-8.214329305504698697e-02
-2.990357622360551720e-02
-4.918833150250213893e-02
-3.326010008543878738e-01
-2.041987062126205399e-01
-1.170511412181130251e-01
-3.240571219333577280e-01
-3.326010008543878738e-01
-2.478945441230318569e-01
-3.347979982912241970e-01
-1.544000976443305195e-01
1.448797754180397857e-01
-7.286708165507140011e-02
-1.812522885389966920e-01
-1.443915537654094916e-01
-3.357744415964847851e-01
-4.552666910777492665e-02
-7.750518735505919354e-02
-2.759672891492737645e-01
-3.377273282070059612e-01
-2.404491639204198866e-02
-1.316977907970218464e-01
-7.445380202611985923e-03
1.281581838154522215e-02
2.062736482362992688e-02
-2.522885389967045033e-01
-3.418772122543634606e-01
3.405346027096301659e-02
-1.794214573416330963e-02
-3.382155498596362553e-01
-3.233247894544122869e-01
-2.740144025387525883e-01
-2.601000854387892081e-01
-2.107896985231295095e-01
-1.720981325521786856e-02
-2.788966190650555288e-01
-2.361772244599047998e-01
-1.836933968021481622e-01
-4.336628829488587966e-01
-2.986695959965824376e-01
-1.861345050652996325e-01
-1.551324301232759606e-01
5.724398877090199067e-02
-3.482240937385572832e-01
-3.933845966068595379e-01
-5.869644818747711268e-01
-8.482851214451360422e-02
-2.527767606493347974e-01
-4.051019162699865950e-01
-1.124130355181252316e-01
-3.418772122543634606e-01
-1.470767728548761089e-01
-7.677285487611375248e-02
-2.281215671915049481e-01
5.114121811302331511e-02
1.744171854021725754e-01
-5.333821554985963831e-02
-1.536677651653850785e-01
3.120956914439155239e-01
-2.652264127914072955e-01
4.381789332356889749e-02
2.746246796045404698e-02
1.720981325521786856e-02
1.089954839497131733e-01
