-9.782741364579519150e-01
-9.172464298791651593e-01
-8.359575247162212008e-01
-7.139021115586475785e-01
-6.023434639326253892e-01
-4.976199194434273165e-01
-4.002196997436836545e-01
-3.457829854754058130e-01
-2.937873794702794972e-01
-2.969608202123764085e-01
-3.230806786280971399e-01
-3.931404857805443909e-01
-4.697912852435005560e-01
-5.674356157695593650e-01
-6.853411448797753769e-01
-7.888441352373978255e-01
-8.969852312950079565e-01
-9.604540461369461823e-01
-9.899914561210789721e-01
-9.794946905895276501e-01
-9.355547418528011860e-01
-8.474307335530331109e-01
-7.407543024533137510e-01
-6.040522397168314184e-01
-4.756499450750640845e-01
-3.765409495911143933e-01
-3.157573538386427292e-01
-3.008665934334187608e-01
-2.823141706334675871e-01
-3.084340290491883185e-01
-3.782497253753204225e-01
-4.016843647015745367e-01
-4.766263883803246726e-01
-5.715854998169168644e-01
-6.423776394483095009e-01
-7.085316733797143440e-01
-8.003173440742097355e-01
-8.679360429635054608e-01
-9.331136335896497158e-01
-9.763212498474307388e-01
-9.436103991212010378e-01
-8.589039423898450210e-01
-7.444159648480409563e-01
-6.455510801904064122e-01
-5.281337727328206944e-01
-4.395215427804223252e-01
-3.982668131331624783e-01
-3.108751373123397888e-01
-2.764555108019040586e-01
-3.230806786280971399e-01
-3.770291712437446874e-01
-3.970462590015867432e-01
-5.195898938117905486e-01
-6.494568534114487646e-01
-7.785914805321616505e-01
-8.554863908214329626e-01
-9.099231050897107487e-01
-9.294519711949225105e-01
-8.969852312950079565e-01
-8.418161845477847294e-01
-8.174051019162700271e-01
-8.110582204320762045e-01
-7.981203466373734123e-01
-7.407543024533137510e-01
-6.492127425851336175e-01
-5.637739533748321596e-01
-4.434273160014646775e-01
-3.733675088490174265e-01
-3.240571219333577280e-01
-3.250335652386183161e-01
-3.675088490174538980e-01
-4.121811302331258586e-01
-4.719882826803368792e-01
-5.374099841327962812e-01
-1.607469791285243421e-01
-8.791651409740022238e-01
-8.484071768582936990e-01
-7.639448309532528292e-01
-6.638593921640424389e-01
-5.798852679116318631e-01
-5.169046747223239313e-01
-4.570975222751129108e-01
-3.797143903332113046e-01
-3.111192481386549358e-01
-2.740144025387525883e-01
-2.671792994019284717e-01
-2.759672891492737645e-01
-3.367508849017453731e-01
-4.104723544489198295e-01
-4.961552544855364344e-01
-5.747589405590137757e-01
-6.360307579641156783e-01
-7.099963383376052262e-01
-7.717563773953375339e-01
-8.147198828268034099e-01
-7.995850115952642945e-01
-7.932381301110704719e-01
-7.549127303795923893e-01
-7.002319052849993453e-01
-6.338337605272793551e-01
-5.452215305748809859e-01
-5.068961308434029034e-01
-5.203222262907359896e-01
-5.442450872696203978e-01
-5.969730257536921547e-01
-5.823263761747833334e-01
-6.287074331746612676e-01
-6.362748687904308253e-01
-6.699621628219211145e-01
-6.850970340534602299e-01
-7.488099597217136028e-01
-7.856706944953009142e-01
-8.078847796899792932e-01
-7.983644574636885594e-01
-7.793238130111070916e-01
-7.488099597217136028e-01
-6.518979616746002348e-01
-5.689002807274502471e-01
-4.741852801171732024e-01
-3.899670450384474796e-01
-3.540827535701208117e-01
-2.945197119492249382e-01
-2.591236421335286200e-01
-2.803612840229464109e-01
-3.262541193701940512e-01
-3.379714390333211083e-01
-4.107164652752349765e-01
-5.076284633223483445e-01
-5.791529354326864221e-01
-6.257781032588795034e-01
-7.117051141218112553e-01
-7.710240449163920928e-01
-8.296106432320273782e-01
-8.232637617478335557e-01
-7.539362870743318013e-01
-6.836323690955693477e-01
-6.162577810325887695e-01
-5.173928963749542254e-01
-4.324423288172830615e-01
-3.125839130965458179e-01
-2.908580495544977329e-01
-2.764555108019040586e-01
-2.325155620651775945e-01
-2.376418894177956820e-01
-2.669351885756133247e-01
-3.521298669595996356e-01
-4.300012205541315913e-01
-5.330159892591236348e-01
-6.511656291956547937e-01
-7.468570731111924266e-01
-7.890882460637129725e-01
-7.959233492005370891e-01
-7.981203466373734123e-01
-7.629683876479922411e-01
-7.007201269376296393e-01
-6.355425363114853843e-01
-5.386305382643720163e-01
-4.607591846698401161e-01
-3.745880629805931616e-01
-2.810936165018918520e-01
-2.581471988282680319e-01
-3.118515806176003768e-01
-3.084340290491883185e-01
-3.064811424386671423e-01
-3.213719028438911107e-01
-3.516416453069693415e-01
-4.451360917856707067e-01
-5.640180642011473067e-01
-6.787501525692664073e-01
-7.236665446112534594e-01
-7.949469058952765010e-01
-8.296106432320273782e-01
-8.340046381057000247e-01
-7.732210423532284160e-01
-5.747589405590137757e-01
2.380080556572684164e-02
-1.973636030757964233e-01
-8.067862809715610484e-02
-1.504943244232881672e-01
-1.672159160258757452e-02
7.140241669718051798e-02
-2.049310386915659810e-01
-1.048455999023556739e-01
4.308556084462345642e-02
-1.822287318442572801e-01
-4.381789332356889749e-02
1.548883192969608136e-01
-5.944098620773831387e-02
-2.464298791651409748e-01
-1.817405101916269861e-01
-1.696570242890272154e-02
-1.133894788233858197e-01
-1.480532161601366969e-01
7.921396313926522270e-02
1.585499816916880189e-01
1.631880873916758123e-01
-1.441474429390943446e-01
1.836933968021481622e-01
5.651165629195654960e-02
