-9.782741364579519150e-01
-9.328695227633345688e-01
-8.650067130477236965e-01
-8.203344318320517914e-01
-7.890882460637129725e-01
-8.039790064689369409e-01
-8.530452825582814924e-01
-9.045526669107775142e-01
-9.465397290369828021e-01
-9.616746002685219175e-01
-9.321371902843891277e-01
-8.884413523739778107e-01
-8.476748443793482579e-01
-8.088612229952398813e-01
-7.920175759794947368e-01
-8.156963261320639980e-01
-8.723300378371781072e-01
-9.257903088001953051e-01
-9.775418039790064739e-01
-9.885267911631880899e-01
-9.567923837422189770e-01
-9.111436592212864838e-01
-8.469425119004028168e-01
-8.166727694373245861e-01
-8.088612229952398813e-01
-8.315635298425485544e-01
-8.764799218845356066e-01
-9.250579763212498641e-01
-9.502013914317100074e-01
-9.563041620895886830e-01
-9.172464298791651593e-01
-8.781886976687416357e-01
-8.152081044794337039e-01
-7.907970218479190017e-01
-7.888441352373978255e-01
-8.193579885267912033e-01
-8.798974734529476649e-01
-9.306725253264982456e-01
-9.663127059685097109e-01
-9.643598193579885347e-01
-9.279873062370316283e-01
-8.789210301476870768e-01
-8.318076406688637014e-01
-8.081288905162944403e-01
-7.978762358110582653e-01
-8.403515195898938472e-01
-8.755034785792750185e-01
-9.314048578054436867e-01
-9.577688270474795651e-01
-9.438545099475161848e-01
-9.047967777370926612e-01
-8.484071768582936990e-01
-8.020261198584157647e-01
-7.617478335164165060e-01
-7.881118027584523844e-01
-8.249725375320395848e-01
-8.755034785792750185e-01
-9.211522031002075117e-01
-9.458073965580373610e-01
-9.348224093738557450e-01
-8.947882338581716333e-01
-8.537776150372269335e-01
-8.213108751373123795e-01
-8.017820090321006177e-01
-8.210667643109972325e-01
-8.552422799951178156e-01
-9.079702184791895725e-01
-9.453191749054070669e-01
-9.536189430001220657e-01
-9.314048578054436867e-01
-8.794092518003173709e-01
-8.156963261320639980e-01
-7.868912486268766493e-01
-7.619919443427316530e-01
-7.341633101428047814e-01
-7.312339802270230171e-01
-6.865616990113511120e-01
-6.816794824850481715e-01
-7.104845599902355202e-01
-8.813621384108385470e-01
-8.601244965214207561e-01
-8.144757720004882628e-01
-8.127669962162822337e-01
-8.008055657268400296e-01
-8.178933235689003212e-01
-8.664713780056145787e-01
-8.921030147687050160e-01
-9.274990845844013343e-01
-9.338459660685951569e-01
-9.184669840107408945e-01
-8.518247284267057573e-01
-7.881118027584523844e-01
-7.251312095691443416e-01
-6.780178200903209662e-01
-6.296838764799218557e-01
-5.706090565116562763e-01
-5.413157573538386336e-01
-5.769559379958500989e-01
-6.414011961430489128e-01
-7.268399853533503707e-01
-7.676064933479800345e-01
-7.732210423532284160e-01
-7.702917124374466518e-01
-7.773709264005859154e-01
-8.059318930794581171e-01
-8.623214939582570793e-01
-9.028438911265714850e-01
-9.223727572317832468e-01
-9.123642133528622189e-01
-8.864884657634566345e-01
-8.408397412425241413e-01
-7.741974856584890041e-01
-7.519834004638106251e-01
-7.673623825216648875e-01
-8.174051019162700271e-01
-8.569510557793238448e-01
-8.945441230318564863e-01
-9.001586720371048678e-01
-8.933235689002807511e-01
-8.532893933845966394e-01
-8.225314292688881146e-01
-7.773709264005859154e-01
-7.680947150006103286e-01
-7.978762358110582653e-01
-8.493836201635542871e-01
-9.123642133528622189e-01
-9.455632857317222140e-01
-9.587452703527401532e-01
-9.301843036738679515e-01
-8.911265714634444279e-01
-8.171609910899548801e-01
-7.866471378005615023e-01
-7.722445990479678279e-01
-8.132552178689125277e-01
-8.462101794214573758e-01
-8.801415842792628119e-01
-9.060173318686683963e-01
-9.013792261686806029e-01
-8.884413523739778107e-01
-8.369339680214817889e-01
-8.003173440742097355e-01
-7.444159648480409563e-01
-7.388014158427925748e-01
-7.502746246796045959e-01
-8.025143415110460587e-01
-8.415720737214695824e-01
-8.816062492371536941e-01
-8.620773831319419322e-01
-8.635420480898328144e-01
-8.252166483583547318e-01
-7.983644574636885594e-01
-7.629683876479922411e-01
-7.170755523007444898e-01
-7.182961064323202249e-01
-7.341633101428047814e-01
-7.490540705480287498e-01
-7.356279751006956635e-01
-7.803002563163676797e-01
-8.640302697424631084e-01
-8.325399731478091425e-01
-7.871353594531917963e-01
-7.798120346637373856e-01
-7.639448309532528292e-01
-8.027584523373612058e-01
-8.249725375320395848e-01
-8.447455144635664936e-01
-8.515806176003906103e-01
-8.493836201635542871e-01
-8.464542902477725228e-01
-8.178933235689003212e-01
-8.152081044794337039e-01
-8.010496765531551766e-01
-8.100817771268156164e-01
-7.353838642743805165e-01
-7.778591480532162095e-01
6.310264860246551921e-02
-5.093372391065543736e-01
-2.422799951177834754e-01
-5.162943976565360915e-02
-2.876846088124008216e-01
9.947516172342243945e-02
2.770657878676919400e-02
-1.727084096179665462e-01
1.190040278286342013e-01
-2.632735261808861194e-01
-3.240571219333577280e-01
-6.505553521298669539e-02
-1.915049432442328947e-01
-1.124130355181252316e-01
1.021603808128890567e-01
-1.343830098864884637e-01
-1.390211155864762571e-01
3.551812522885389872e-02
1.058220432076162620e-01
-2.788966190650555288e-01
6.505553521298669539e-02
-3.069693640912974364e-01
-3.136824118149639934e-02
3.210057366044184041e-02
