9.775418039790064739e-01
9.502013914317100074e-01
9.248138654949347170e-01
9.199316489686317766e-01
9.663127059685097109e-01
9.887709019895032370e-01
9.895032344684486780e-01
9.560600512632735359e-01
9.277431954107164813e-01
9.321371902843891277e-01
9.577688270474795651e-01
9.907237886000244131e-01
9.931648968631758834e-01
9.592334920053704472e-01
9.311607469791285396e-01
9.209080922738923647e-01
9.477602831685585372e-01
9.831563529842548554e-01
9.992676675210545589e-01
9.807152447211033852e-01
9.421457341633101557e-01
9.196875381423166296e-01
9.289637495422922164e-01
9.689979250579763281e-01
9.924325643842304423e-01
9.831563529842548554e-01
9.567923837422189770e-01
9.245697546686195700e-01
9.292078603686073635e-01
9.621628219211522115e-01
9.924325643842304423e-01
9.914561210789698542e-01
9.626510435737825055e-01
9.292078603686073635e-01
9.231050897107286879e-01
9.443427316001464789e-01
9.807152447211033852e-01
9.975588917368485298e-01
9.775418039790064739e-01
9.375076284633223622e-01
9.150494324423288361e-01
9.357988526791163331e-01
9.687538142316611811e-01
9.926766752105455893e-01
9.819357988526791203e-01
9.504455022580251544e-01
9.267667521054558932e-01
9.248138654949347170e-01
9.648480410106188288e-01
9.931648968631758834e-01
9.946295618210667655e-01
9.599658244843158883e-01
9.216404247528378058e-01
9.126083241791773659e-01
9.453191749054070669e-01
9.780300256316367680e-01
9.973147809105333828e-01
9.743683632369095626e-01
9.392164042475283914e-01
9.248138654949347170e-01
9.436103991212010378e-01
9.665568167948248579e-01
9.941413401684364715e-01
9.807152447211033852e-01
9.448309532527767729e-01
9.167582082265348653e-01
9.265226412791407462e-01
9.606981569632613294e-01
9.948736726473819125e-01
9.931648968631758834e-01
9.606981569632613294e-01
9.177346515317954534e-01
9.087025509581350136e-01
9.448309532527767729e-01
9.812034663737336793e-01
9.951177834736970595e-01
9.699743683632369162e-01
9.382399609422678033e-01
9.199316489686317766e-01
9.350665202001708920e-01
9.682655925790308871e-01
9.948736726473819125e-01
9.777859148053216209e-01
9.377517392896375092e-01
9.118759917002319249e-01
9.282314170633467754e-01
9.658244843158794168e-01
9.956060051263273536e-01
9.909678994263395602e-01
9.509337239106554485e-01
9.257903088001953051e-01
9.123642133528622189e-01
9.453191749054070669e-01
9.777859148053216209e-01
9.921884535579152953e-01
9.707067008421823573e-01
9.333577444159648628e-01
9.087025509581350136e-01
9.299401928475528045e-01
9.719272549737580924e-01
9.919443427316001483e-01
9.763212498474307388e-01
9.360429635054314801e-01
9.055291102160381023e-01
9.167582082265348653e-01
9.636274868790430936e-01
9.934090076894910304e-01
9.851092395947760316e-01
9.387281825948980973e-01
9.104113267423410427e-01
9.118759917002319249e-01
9.482485048211888312e-01
9.855974612474063257e-01
9.887709019895032370e-01
9.555718296106432419e-01
9.130965458318076600e-01
9.113877700476016308e-01
9.367752959843769212e-01
9.821799096789942674e-01
9.909678994263395602e-01
9.509337239106554485e-01
9.099231050897107487e-01
8.713535945319175191e-01
8.862443549371414875e-01
9.345782985475405980e-01
9.804711338947882382e-01
9.877944586842426489e-01
9.772976931526913269e-01
9.741242524105944156e-01
9.675332601000854460e-01
9.655803734895642698e-01
9.592334920053704472e-01
9.553277187843280949e-01
9.526424996948614776e-01
9.440986207738313318e-01
9.475161723422433901e-01
9.724154766263883864e-01
9.829122421579397084e-01
9.814475772000488263e-01
9.665568167948248579e-01
9.724154766263883864e-01
9.316489686317588337e-01
8.283900891004516431e-01
7.580861711216893006e-01
8.152081044794337039e-01
9.648480410106188288e-01
9.775418039790064739e-01
9.565482729159038300e-01
9.284755278896619224e-01
9.108995483949713368e-01
9.419016233369950086e-01
9.787623581105822090e-01
9.440986207738313318e-01
8.984498962528988386e-01
8.923471255950201630e-01
9.069937751739289844e-01
9.426339558159404497e-01
9.382399609422678033e-01
9.409251800317344205e-01
9.218845355791529528e-01
9.079702184791895725e-01
9.155376540949591302e-01
9.216404247528378058e-01
9.526424996948614776e-01
9.711949224948126513e-01
9.516660563896008895e-01
9.401928475527889795e-01
9.357988526791163331e-01
9.582570487001098591e-01
9.741242524105944156e-01
9.628951544000976526e-01
9.165140974002197183e-01
8.918589039423898690e-01
8.557305016477481097e-01
9.050408885634078082e-01
2.674234102282436187e-01
6.167460026852190635e-01
7.726107652874404652e-02
3.645795191016721337e-01
2.013914317099963283e-02
8.177712681557426991e-03
3.626266324911509575e-01
4.946905895276455523e-01
3.374832173806908142e-01
4.827291590382033482e-01
3.772732820700598344e-01
2.352007811546442118e-01
1.895520566337117185e-01
1.086293177102404424e-02
2.542414256072256795e-01
2.941535457097522316e-02
2.784083974124252348e-01
-3.405346027096301659e-02
2.923227145123886150e-01
3.440742096911997838e-01
1.502502135969730201e-01
2.139631392652264208e-01
-1.338947882338581696e-01
7.445380202611985923e-03
