-1.270596850970340530e-01
-2.430123275967289165e-01
-1.111924813865494965e-01
-3.836201635542536570e-01
-3.889906017331868915e-01
-6.384718662272671486e-01
-4.761381667276943785e-01
-6.301720981325521498e-01
-8.543878921030147958e-04
-3.985109239594776254e-01
-3.584767484437934582e-01
-1.295007933601855232e-01
-4.397656536067374722e-01
-4.319541071646527675e-01
-7.568656169901135655e-01
-6.543390699377517050e-01
-2.486268766019772980e-01
-3.694617356279750742e-01
-2.857317222018796454e-01
-1.519589893811790493e-01
-4.466007567435615888e-01
-1.868668375442450735e-01
-2.254363481020383309e-01
-2.954961552544855263e-01
-3.687294031490296331e-01
-5.532771878432808377e-01
-6.914439155376540525e-01
-6.453069693640912652e-01
-3.604296350543146343e-01
-5.332601000854387818e-01
-4.800439399487367309e-01
-3.687294031490296331e-01
-5.452215305748809859e-01
-4.517270840961796763e-01
-4.780910533382155547e-01
-4.922494812644940820e-01
-6.163798364457463708e-02
2.306847308678139710e-02
7.335530330770169416e-02
7.067008421823507691e-02
5.455876968143537342e-02
6.102770657878676648e-04
-1.185158061760039072e-01
-2.310508971072867124e-01
-3.806908336384718927e-01
-4.754058342487489375e-01
-4.351275479067496788e-01
-2.312950079336018594e-01
-2.876846088124008216e-01
