-9.799829122421579441e-01
-9.187110948370560415e-01
-8.330281948004394366e-01
-7.285487611375563999e-01
-6.006346881484193601e-01
-4.922494812644940820e-01
-4.099841327962895354e-01
-3.277187843280849333e-01
-2.979372635176369966e-01
-2.749908458440131764e-01
-3.040400341755156721e-01
-3.433418772122543428e-01
-4.544123031856462935e-01
-7.236665446112534594e-01
-6.897351397534480233e-01
-8.012937873794703236e-01
-8.850238008055657524e-01
-9.179787623581106004e-01
-9.602099353106310353e-01
-9.821799096789942674e-01
-9.855974612474063257e-01
-9.619187110948370645e-01
-8.860002441108263405e-01
-7.690711583058709166e-01
-6.194312217746856808e-01
-5.178811180275845194e-01
-4.339069937751739436e-01
-3.433418772122543428e-01
-2.757231783229586175e-01
-8.596362748687904620e-01
-2.723056267545465592e-01
-3.313804467228121386e-01
-4.407420969119980603e-01
-5.459538630538264270e-01
-6.401806420114731777e-01
-7.361161967533259576e-01
-8.037348956426217939e-01
-8.283900891004516431e-01
-8.752593677529598715e-01
-9.104113267423410427e-01
-9.531307213474917717e-01
-9.318930794580739807e-01
-8.818503600634688411e-01
-8.059318930794581171e-01
-6.667887220798242032e-01
-5.169046747223239313e-01
-4.114487977541804176e-01
-3.091663615281337596e-01
-2.786525082387403818e-01
-2.876846088124008216e-01
-3.638471866227266927e-01
-4.758940559013792315e-01
-5.969730257536921547e-01
-7.121933357744415494e-01
-8.247284267057244378e-01
-9.016233369949957499e-01
-9.404369583791041265e-01
-9.606981569632613294e-01
-9.614304894422067704e-01
-9.502013914317100074e-01
-9.404369583791041265e-01
-8.881972415476626637e-01
-8.205785426583669384e-01
-7.412425241059440451e-01
-6.704503844745514085e-01
-5.803734895642621572e-01
-5.354570975222751050e-01
-3.277187843280849333e-01
-2.273892347125595070e-01
-4.146222384962773289e-01
-4.024166971805199777e-01
-4.444037593067252656e-01
-4.578298547540583519e-01
-3.582326376174783111e-01
-4.614915171487855572e-01
-7.632124984743073881e-01
-8.694007079213963429e-01
-9.382399609422678033e-01
-9.521542780422311836e-01
-8.818503600634688411e-01
-9.326254119370194218e-01
-8.825826925424142821e-01
-8.098376663005004694e-01
-5.474185280117173091e-01
-5.288661052117661354e-01
-3.987550347857927724e-01
-3.816672769437324808e-01
-2.439887709019895046e-01
-2.095691443915537744e-01
-7.970218479189551675e-02
2.074942023678750126e-03
2.135969730257536794e-02
8.019040644452581079e-02
5.211766141828390320e-02
7.311119248138654714e-02
-1.550103747101183940e-02
-1.346271207128036107e-01
-3.460270963017209600e-01
-4.846820456487245243e-01
-5.627975100695715716e-01
-4.136457951910167408e-01
-4.053460270963017420e-01
-5.357012083485902521e-01
-5.596240693274746603e-01
-6.843647015745147888e-01
-7.092640058586597851e-01
-6.677651653850847913e-01
-5.408275357012083395e-01
-4.190162333699499753e-01
-3.372391065543756672e-01
-2.564384230440620027e-01
-1.624557549127303713e-01
-1.514707677285487553e-01
-2.186012449652142142e-01
-3.040400341755156721e-01
-4.951788111802758463e-01
-5.234956670328329009e-01
-5.913584767484437732e-01
-4.627120712803612923e-01
-3.094104723544489066e-01
-2.381301110704259760e-01
-1.888197241547662775e-01
-2.059074819968265690e-01
-1.553765409495911076e-01
-1.379226168680581024e-02
9.434883437080435198e-02
-2.754790674966434705e-01
-4.539240815330159995e-01
-7.799340900768948759e-02
1.514707677285487553e-01
1.324301232759672875e-01
2.273892347125595070e-01
-3.112413035518125232e-02
1.290125717075552292e-01
8.482851214451360422e-02
4.381789332356889749e-02
-3.380934944464786956e-02
-2.428902721835713568e-02
5.577932381301110853e-02
7.091419504455022393e-02
3.917978762358110406e-02
-1.663615281337727236e-01
-7.994629561821066377e-02
-1.570853167337971368e-01
7.970218479189551675e-02
1.956548272915903941e-01
9.288416941291345597e-02
-5.162943976565360915e-02
-1.253509093128280238e-01
-1.111924813865494965e-01
-1.092395947760283204e-01
-1.917490540705480417e-01
-2.364213352862199469e-01
-1.048455999023556739e-01
-8.556084462345904529e-02
-1.421945563285731684e-01
6.700842182350787157e-02
2.073721469547174512e-01
2.705968509703405300e-01
3.928963749542292438e-01
2.461857683388258278e-01
1.502502135969730201e-01
-2.892713291834492911e-02
-2.713291834492859711e-01
-6.113755645062858290e-01
-5.054314658855120213e-01
-4.976199194434273165e-01
-6.221164408641522980e-01
-6.335896497009642081e-01
-5.095813499328695206e-01
-6.580007323324789104e-01
-8.056877822531429700e-01
-7.951910167215916481e-01
-8.337605272793848776e-01
-4.985963627486879046e-01
2.620529720493103842e-01
5.166605638960087843e-01
1.116807030391797906e-01
9.141950445502257383e-02
3.223483461491516988e-01
8.775784206029536849e-02
-3.576223605516904575e-02
-3.643354082753569867e-01
-7.529598437690712132e-01
-7.351397534480653695e-01
-6.370072012693762664e-01
-3.411448797754180196e-01
-2.195776882704748023e-01
1.769803490784816261e-02
1.099719272549737614e-01
2.183571341388990672e-01
-5.715854998169168644e-01
-4.331746612962285026e-01
-7.336750884901744874e-01
-8.103258879531307635e-01
-4.988404735750030516e-01
-3.069693640912974364e-01
-3.609178567069449284e-01
2.991578176492127317e-01
2.991578176492127317e-01
