-9.855974612474063257e-01
-9.311607469791285396e-01
-8.320517514951788485e-01
-7.077993409007689030e-01
-6.013670206273648011e-01
-4.805321616013670250e-01
-4.094959111436592414e-01
-3.338215549859636089e-01
-2.986695959965824376e-01
-3.033077016965702311e-01
-3.157573538386427292e-01
-3.936287074331746849e-01
-4.976199194434273165e-01
-5.608446234590503954e-01
-6.853411448797753769e-01
-7.949469058952765010e-01
-8.903942389844989869e-01
-9.531307213474917717e-01
-9.909678994263395602e-01
-9.770535823263761799e-01
-9.350665202001708920e-01
-8.369339680214817889e-01
-7.356279751006956635e-01
-6.152813377273281814e-01
-4.900524838276577588e-01
-4.033931404857805658e-01
-3.330892225070181678e-01
-2.857317222018796454e-01
-3.013548150860490549e-01
-3.333333333333333148e-01
-3.792261686805810106e-01
-4.072989137068229182e-01
-4.929818137434395231e-01
-5.635298425485170126e-01
-6.326132063957036200e-01
-7.305016477480775761e-01
-8.061760039057732641e-01
-8.725741486634932542e-01
-9.462956182106676550e-01
-9.819357988526791203e-01
-9.445868424264616259e-01
-8.591480532161601680e-01
-7.366044184059562516e-01
-6.257781032588795034e-01
-5.305748809959721646e-01
-4.646649578908824685e-01
-3.928963749542292438e-01
-3.223483461491516988e-01
-2.918344928597583210e-01
-3.365067740754302261e-01
-3.511534236543390475e-01
-3.723910655437568384e-01
-5.354570975222751050e-01
-6.670328329061393502e-01
-7.744415964848041511e-01
-8.557305016477481097e-01
-9.170023190528500123e-01
-9.270108629317710403e-01
-8.969852312950079565e-01
-8.435249603319907585e-01
-8.073965580373489992e-01
-8.044672281215672349e-01
-7.959233492005370891e-01
-7.485658488953984557e-01
-6.479921884535578824e-01
-5.601122909801049543e-01
-4.529476382277554114e-01
-3.919199316489686558e-01
-3.184425729281093465e-01
-3.526180886122299296e-01
-3.999755889173685075e-01
-4.317099963383376204e-01
-4.578298547540583519e-01
-5.403393140485780455e-01
-1.324301232759672875e-01
-8.943000122055413392e-01
-8.344928597583303187e-01
-7.761503722690101803e-01
-6.689857195166605264e-01
-5.918466984010740672e-01
-5.227633345538874599e-01
-4.646649578908824685e-01
-3.855730501647748332e-01
-3.269864518491394922e-01
-2.513120956914439152e-01
-2.398388868546320052e-01
-2.923227145123886150e-01
-3.360185524227999321e-01
-4.094959111436592414e-01
-5.049432442328817272e-01
-5.818381545221530393e-01
-6.555596240693274401e-01
-7.170755523007444898e-01
-7.739533748321738571e-01
-8.117905529110216456e-01
-8.115464420847064986e-01
-7.793238130111070916e-01
-7.431954107164652212e-01
-6.902233614060783173e-01
-6.304162089588672968e-01
-5.525448553643353966e-01
-5.105577932381301087e-01
-5.086049066276089325e-01
-5.440009764433052508e-01
-5.889173684852923030e-01
-5.740266080800683346e-01
-6.235811058220431802e-01
-6.411570853167337658e-01
-6.580007323324789104e-01
-7.070670084218234619e-01
-7.417307457585743391e-01
-7.922616868058098838e-01
-8.010496765531551766e-01
-8.083730013426095873e-01
-7.788355913584767976e-01
-7.439277431954106623e-01
-6.716709386061271436e-01
-5.772000488221652459e-01
-5.025021359697302570e-01
-4.002196997436836545e-01
-3.304040034175515506e-01
-2.932991578176492031e-01
-2.579030880019528849e-01
-2.832906139387281752e-01
-3.199072378860002286e-01
-3.411448797754180196e-01
-3.970462590015867432e-01
-5.054314658855120213e-01
-5.654827291590381888e-01
-6.499450750640790586e-01
-7.019406810692053744e-01
-7.666300500427194464e-01
-8.156963261320639980e-01
-8.137434395215428218e-01
-7.639448309532528292e-01
-6.816794824850481715e-01
-6.050286830220920065e-01
-5.466861955327718681e-01
-4.348834370804345317e-01
-3.177102404491639054e-01
-3.098986940070792007e-01
-2.737702917124374413e-01
-2.349566703283290647e-01
-2.417917734651531814e-01
-2.828023922860978812e-01
-3.282070059807152274e-01
-4.495300866593433531e-01
-5.447333089222506919e-01
-6.704503844745514085e-01
-7.639448309532528292e-01
-8.042231172952520879e-01
-8.056877822531429700e-01
-7.925057976321250308e-01
-7.693152691321860637e-01
-7.107286708165506672e-01
-6.370072012693762664e-01
-5.349688758696448110e-01
-4.583180764066886459e-01
-3.770291712437446874e-01
-2.776760649334797937e-01
-2.539973147809105325e-01
-2.771878432808494996e-01
-3.003783717807884668e-01
-3.077016965702428775e-01
-3.052605883070914072e-01
-3.470035396069815481e-01
-4.639326254119370274e-01
-5.747589405590137757e-01
-6.809471500061027305e-01
-7.241547662638837535e-01
-7.888441352373978255e-01
-8.208226534846820854e-01
-8.364457463688514949e-01
-7.839619187110948850e-01
-5.693885023800805412e-01
1.281581838154522215e-02
-2.095691443915537744e-01
-7.945807396558036972e-02
-1.314536799707066994e-01
-4.992066398144757999e-02
6.652020017087757753e-02
-1.998047113389478935e-01
-1.089954839497131733e-01
5.675576711827169663e-02
-1.661174173074575766e-01
-4.357378249725375047e-02
1.492737702917124321e-01
-3.551812522885389872e-02
-2.569266446966922968e-01
-1.661174173074575766e-01
-1.916269986573904474e-02
-1.292566825338703762e-01
-1.614793116074697832e-01
9.337239106554375001e-02
1.761259611863786045e-01
1.595264249969486070e-01
-1.314536799707066994e-01
1.609910899548394891e-01
7.799340900768948759e-02
