9.814475772000488263e-01
9.482485048211888312e-01
9.279873062370316283e-01
9.338459660685951569e-01
9.636274868790430936e-01
9.931648968631758834e-01
9.858415720737214727e-01
9.575247162211644181e-01
9.340900768949103039e-01
9.231050897107286879e-01
9.636274868790430936e-01
9.890150128158183840e-01
9.948736726473819125e-01
9.653362626632491228e-01
9.316489686317588337e-01
9.113877700476016308e-01
9.494690589527645663e-01
9.858415720737214727e-01
9.992676675210545589e-01
9.792505797632125031e-01
9.487367264738191253e-01
9.206639814475772177e-01
9.350665202001708920e-01
9.707067008421823573e-01
9.897473452947638251e-01
9.858415720737214727e-01
9.516660563896008895e-01
9.250579763212498641e-01
9.201757597949469236e-01
9.333577444159648628e-01
9.650921518369339758e-01
9.790064689368973561e-01
9.621628219211522115e-01
9.453191749054070669e-01
9.316489686317588337e-01
9.504455022580251544e-01
9.814475772000488263e-01
9.870621262052972078e-01
9.714390333211277984e-01
9.157817649212742772e-01
8.825826925424142821e-01
9.177346515317954534e-01
9.567923837422189770e-01
9.585011595264250062e-01
9.533748321738069187e-01
9.023556694739411910e-01
8.530452825582814924e-01
8.230196509215184086e-01
8.454778469425119347e-01
9.382399609422678033e-01
9.658244843158794168e-01
9.721713658000732394e-01
8.860002441108263405e-01
8.877090198950323696e-01
9.294519711949225105e-01
9.538630538264372127e-01
9.419016233369950086e-01
8.874649090687172226e-01
8.462101794214573758e-01
8.427926278530453175e-01
8.757475894055901655e-01
8.833150250213597232e-01
8.867325765897717815e-01
8.513365067740754633e-01
8.064201147320884111e-01
8.083730013426095873e-01
7.998291224215794415e-01
8.225314292688881146e-01
8.840473575003051643e-01
8.984498962528988386e-01
8.847796899792506053e-01
8.611009398266813442e-01
8.459660685951422288e-01
8.740388136213841364e-01
6.709386061271817026e-01
9.919443427316001483e-01
9.824240205053094144e-01
9.592334920053704472e-01
9.228609788844135409e-01
9.321371902843891277e-01
9.575247162211644181e-01
9.733919199316489745e-01
9.819357988526791203e-01
9.592334920053704472e-01
8.830709141950445762e-01
8.354693030635909068e-01
8.679360429635054608e-01
9.453191749054070669e-01
9.802270230684730912e-01
9.689979250579763281e-01
9.331136335896497158e-01
8.972293421213231035e-01
8.967411204686928095e-01
9.379958501159526563e-01
9.914561210789698542e-01
9.770535823263761799e-01
9.343341877212254509e-01
9.223727572317832468e-01
9.377517392896375092e-01
9.528866105211766246e-01
9.865739045526669138e-01
9.865739045526669138e-01
9.753448065421701507e-01
9.531307213474917717e-01
9.497131697790797134e-01
9.580129378737947121e-01
9.790064689368973561e-01
9.792505797632125031e-01
9.689979250579763281e-01
9.555718296106432419e-01
9.265226412791407462e-01
9.367752959843769212e-01
9.589893811790553002e-01
9.130965458318076600e-01
8.174051019162700271e-01
8.142316611741731158e-01
8.779445868424264887e-01
9.150494324423288361e-01
9.555718296106432419e-01
9.792505797632125031e-01
9.775418039790064739e-01
9.382399609422678033e-01
8.840473575003051643e-01
9.108995483949713368e-01
9.670450384474551520e-01
9.719272549737580924e-01
9.550836079580129478e-01
9.292078603686073635e-01
9.111436592212864838e-01
9.216404247528378058e-01
9.509337239106554485e-01
9.780300256316367680e-01
9.697302575369217692e-01
9.431221774685707437e-01
9.240815330159892760e-01
9.453191749054070669e-01
9.768094715000610329e-01
9.865739045526669138e-01
9.597217136580007413e-01
9.609422677895764764e-01
9.733919199316489745e-01
9.262785304528255992e-01
8.340046381057000247e-01
7.453924081533015444e-01
8.230196509215184086e-01
9.589893811790553002e-01
9.758330281948004448e-01
9.550836079580129478e-01
9.253020871475650111e-01
9.118759917002319249e-01
9.489808373001342723e-01
9.814475772000488263e-01
9.487367264738191253e-01
9.087025509581350136e-01
9.025997803002563380e-01
9.113877700476016308e-01
9.384840717685829503e-01
9.397046259001586854e-01
9.350665202001708920e-01
9.294519711949225105e-01
9.077261076528744255e-01
9.143170999633833951e-01
9.282314170633467754e-01
9.572806053948492711e-01
9.733919199316489745e-01
9.560600512632735359e-01
9.448309532527767729e-01
9.428780666422555967e-01
9.572806053948492711e-01
9.714390333211277984e-01
9.653362626632491228e-01
9.106554375686561897e-01
9.008910045160503088e-01
8.569510557793238448e-01
9.126083241791773659e-01
2.559502013914317087e-01
6.216282192115220040e-01
8.116684974978639888e-02
3.753203954595386582e-01
2.502135969730257675e-02
3.673867936042963384e-02
3.677529598437690450e-01
4.863908214329305535e-01
3.250335652386183161e-01
5.022580251434151100e-01
3.816672769437324808e-01
2.383742218967411231e-01
1.915049432442328947e-01
2.160380812889051497e-02
2.466739899914561218e-01
3.747101183937507490e-02
2.957402660808006734e-01
-2.477724887098742973e-02
3.133162455754912590e-01
3.328451116807030208e-01
1.417063346759428744e-01
2.327596728914927415e-01
-1.268155742707189060e-01
2.575369217624801782e-02
