-9.785182472842670620e-01
-9.243256438423044230e-01
-8.298547540583425253e-01
-7.158549981691687547e-01
-6.038081288905162713e-01
-4.898083730013426118e-01
-4.021725863542048307e-01
-7.063346759428780208e-01
-2.925668253387037621e-01
-3.001342609544733198e-01
-3.413889906017331666e-01
-3.909434883437080677e-01
-4.688148419382399679e-01
-7.334309776638593403e-01
-6.792383742218967013e-01
-7.961674600268522362e-01
-8.994263395581594267e-01
-9.626510435737825055e-01
-9.909678994263395602e-01
-9.841327962895154435e-01
-9.372635176370072152e-01
-8.628097156108873733e-01
-7.566215061637984185e-01
-7.390455266691077219e-01
-5.037226901013059921e-01
-4.341511046014890907e-01
-3.499328695227633124e-01
-2.889051629439765567e-01
-3.011107042597339079e-01
-9.775418039790064739e-01
-3.865494934700354213e-01
-4.480654217014524709e-01
-4.361039912120102668e-01
-4.978640302697424636e-01
-5.781764921274258340e-01
-8.637861589161479614e-01
-9.372635176370072152e-01
-9.658244843158794168e-01
-9.650921518369339758e-01
-8.896619065055535458e-01
-8.481630660319785520e-01
-7.546686195532772423e-01
-6.411570853167337658e-01
-5.361894300012205461e-01
-4.273160014646649740e-01
-3.616501891858903694e-01
-3.382155498596362553e-01
-3.472476504332966951e-01
-3.928963749542292438e-01
-4.622238496277309983e-01
-5.862321493958256857e-01
-6.753326010008543490e-01
-7.741974856584890041e-01
-8.425485170267301704e-01
-8.874649090687172226e-01
-9.167582082265348653e-01
-9.270108629317710403e-01
-8.967411204686928095e-01
-8.388868546320029651e-01
-7.629683876479922411e-01
-6.787501525692664073e-01
-5.776882704747955399e-01
-5.754912730379592167e-01
-3.697058464542902212e-01
-2.603441962651043551e-01
-2.027340412547296578e-01
-1.243744660075674358e-01
-2.354448919809593588e-01
-1.719760771390211052e-01
-2.315391187599170064e-01
-2.798730623703161169e-01
-3.623825216648358105e-01
-4.321982179909679145e-01
-1.724642987916513992e-01
-1.028927132918344978e-01
-2.432564384230440635e-01
-1.468326620285609618e-01
1.818625656047845665e-02
7.823751983400463461e-02
-3.653118515806175748e-01
-2.062736482362992688e-02
7.750518735505919354e-02
-4.204808983278408574e-01
-4.854143781276699654e-01
-4.741852801171732024e-01
-5.396069815696326044e-01
-5.544977419748565728e-01
-6.162577810325887695e-01
-5.054314658855120213e-01
-5.090931282802392266e-01
-4.517270840961796763e-01
-3.059929207860368483e-01
-3.870377151226657153e-01
-4.961552544855364344e-01
-3.470035396069815481e-01
-1.958989381179055411e-01
-1.468326620285609618e-01
-1.717319663127059581e-01
-2.898816062492371448e-01
-4.536799707067008525e-01
-5.532771878432808377e-01
-6.125961186378615642e-01
-6.933968021481752286e-01
-6.562919565482728812e-01
-7.261076528744049297e-01
-6.228487733430977391e-01
-5.305748809959721646e-01
-5.142194556328573141e-01
-4.021725863542048307e-01
-3.472476504332966951e-01
-4.197485658488954163e-01
-5.122665690223361379e-01
-6.045404613694617124e-01
-6.838764799218844948e-01
-7.583302819480044477e-01
-7.710240449163920928e-01
-8.008055657268400296e-01
-8.208226534846820854e-01
-8.069083363847187051e-01
-7.627242768216770941e-01
-6.911998047113389054e-01
-6.208958867325765629e-01
-5.420480898327840746e-01
-4.524594165751251174e-01
-3.582326376174783111e-01
-3.538386427438056647e-01
-4.817527157329427601e-01
-4.856584889539851124e-01
-4.883437080434517297e-01
-5.618210667643109835e-01
-5.046991334065665802e-01
-4.544123031856462935e-01
-3.916758208226535087e-01
-4.500183083119736471e-01
-5.064079091907726093e-01
-4.004638105699988015e-01
-4.683266202856096738e-01
-5.418039790064689276e-01
-5.242279995117783420e-01
-4.961552544855364344e-01
-4.578298547540583519e-01
-3.771512266569022193e-02
-4.699133406566581572e-02
-1.827169534968875741e-01
-2.242157939704625957e-01
-3.794702795068961576e-01
-4.690589527645551149e-01
-5.117783473697058438e-01
-5.625533992432564245e-01
-4.458684242646161477e-01
-5.061637983644574623e-01
-6.359087025509581326e-02
-1.910167215916026007e-01
-4.113267423410228024e-02
-1.868668375442450735e-01
-3.865494934700354213e-01
-5.154400097644330492e-01
-3.396802148175271374e-01
-2.061515928231417161e-01
-1.175393628707433191e-01
-3.479799829122421362e-01
3.893567679726595704e-02
-3.738557305016477206e-01
-3.892347125595020385e-01
-3.064811424386671423e-01
-5.129989015012815790e-01
-4.841938239960942303e-01
-4.268277798120346800e-01
-4.751617234224337905e-01
-2.339802270230684766e-01
-2.610765287440497961e-01
-2.488709874282924450e-01
-2.244599047967777428e-01
-2.388624435493714171e-01
-3.426095447333089017e-01
-3.235689002807274339e-01
-4.722323935066520262e-01
-4.297571097278164443e-01
8.751373123398022147e-02
-7.201269376296838901e-03
-1.428048333943610429e-02
-2.539973147809105325e-01
-1.429268888075186095e-01
-3.003783717807884668e-01
-6.074697912852434767e-01
-1.878432808495056894e-01
-7.848163066031978163e-02
3.820334431832051597e-02
-9.264005858659830894e-02
-3.243012327596728750e-01
-2.632735261808861194e-01
-2.061515928231417161e-01
-1.434151104601489035e-01
-1.766141828390088986e-01
-1.976077139021115703e-01
-2.832906139387281752e-01
-3.238130111070425809e-01
-2.425241059440986224e-01
-4.680825094592945268e-01
-2.383742218967411231e-01
