-9.801166489925768888e-01
-9.461823966065747715e-01
-8.846765641569459548e-01
-8.178685047720042345e-01
-7.078472958642629820e-01
-5.763520678685047915e-01
-4.928419936373276689e-01
-4.005832449628843883e-01
-3.295334040296924449e-01
-2.781018027571580120e-01
-2.415164369034994707e-01
-2.404559915164369011e-01
-2.741251325556733898e-01
-3.197242841993637175e-01
-3.658536585365853577e-01
-4.339872746553552485e-01
-5.246553552492047023e-01
-6.015376458112406954e-01
-6.916755037115588367e-01
-7.444326617179215511e-01
-7.693531283138917987e-01
-7.836691410392364610e-01
-7.619300106044538667e-01
-7.354188759278896814e-01
-6.667550371155885891e-01
-5.832449628844114109e-01
-5.182926829268292845e-01
-4.602332979851537775e-01
-3.777836691410392245e-01
-3.374867444326617449e-01
-2.314422057264050869e-01
-2.234888653234358424e-01
-2.489395546129374304e-01
-2.378048780487804770e-01
-2.985153764581123803e-01
-3.467656415694591598e-01
-3.857370095440084690e-01
-4.642099681866383998e-01
-5.474549310710498107e-01
-5.800636267232237575e-01
-6.444856839872746823e-01
-6.709968186638388676e-01
-6.588016967126193446e-01
-6.492576882290561624e-01
-6.466065747613998216e-01
-6.060445387062566303e-01
-5.389713679745493646e-01
-4.790562036055143191e-01
-4.223223753976670380e-01
-3.539236479321314910e-01
-2.834040296924708602e-01
-2.566277836691410186e-01
-2.370095440084835636e-01
-2.380699893955461333e-01
-2.362142099681866503e-01
-2.908271474019087921e-01
-3.067338282078472811e-01
-3.584305408271474258e-01
-4.318663838812301092e-01
-4.814422057264051147e-01
-5.037115588547189660e-01
-5.548780487804878536e-01
-5.888123011664899709e-01
-5.599151643690349900e-01
-5.633616118769882997e-01
-5.617709437963944730e-01
-5.217391304347825942e-01
-4.766702014846235236e-01
-4.376988335100742145e-01
-3.555143160127253177e-01
-3.152173913043478382e-01
-2.685577942735948853e-01
-2.680275715800636283e-01
-2.526511134676563963e-01
-2.322375397667020280e-01
-2.476139978791092322e-01
-2.871155885471898261e-01
-3.024920466595970581e-01
-3.353658536585366057e-01
-3.594909862142099954e-01
-4.294803817603393692e-01
-4.398197242841993537e-01
-4.480381760339342545e-01
-4.893955461293743592e-01
-4.978791092258748607e-01
-4.994697773064687429e-01
-4.893955461293743592e-01
-4.528101802757157901e-01
-4.281548250265111433e-01
-3.960763520678685090e-01
-3.401378579003181413e-01
-3.128313891834570426e-01
-2.876458112407210832e-01
-2.738600212089077335e-01
-2.481442205726405170e-01
-2.401908801696712725e-01
-2.383351007423117618e-01
-2.722693531283139068e-01
-2.606044538706256408e-01
-3.011664899257688321e-01
-3.184620483924427981e-01
-3.473649320517069872e-01
-3.624792840570102981e-01
-3.863440503811733651e-01
-4.171030825323168711e-01
-4.186940669539277460e-01
-4.478621146834603772e-01
-4.123301292674842466e-01
-3.961551209811070562e-01
-3.802452767649983634e-01
-3.524030493868081093e-01
-3.417964865760689253e-01
-2.964534305601591035e-01
-2.484587338415644719e-01
-2.641034139874047226e-01
-2.288365926416970619e-01
-2.272456082200861871e-01
-2.190255220417633431e-01
-2.309579052038448765e-01
-2.646337421279416624e-01
-2.633079217765992852e-01
-2.694066953927742869e-01
-2.797480941332449178e-01
-3.227046735167384828e-01
-3.484255883327809222e-01
-3.659264169705004899e-01
-3.741465031488233617e-01
-3.675174013921113647e-01
-3.807756049055353031e-01
-3.622141199867418004e-01
-3.502817368246602392e-01
-3.288034471329134845e-01
-2.731189923765329763e-01
-2.797480941332449178e-01
-2.733841564468014740e-01
-2.362611866092144408e-01
-2.179648657606894357e-01
-2.150480609877361560e-01
-2.121312562147829039e-01
-2.155783891282731235e-01
-2.481935697712960021e-01
-2.460722572091481597e-01
-2.770964534305601634e-01
-2.773616175008286611e-01
-3.221743453762015430e-01
-3.073251574411667297e-01
-3.250911501491547950e-01
-3.272124627113026096e-01
-3.120981107059993542e-01
-3.150149154789526063e-01
-3.428571428571428603e-01
-3.113026184951939168e-01
-2.887636725223732270e-01
-2.725886642359960366e-01
-2.473980775604905646e-01
-2.378521710308253156e-01
-2.118660921445144063e-01
-2.123964202850513738e-01
-1.885316539608883069e-01
-1.967517401392111231e-01
-1.975472323500165606e-01
-2.187603579714948732e-01
-2.182300298309579056e-01
-2.375870069605568458e-01
-2.500497182631753468e-01
-2.304275770633079090e-01
-2.728538283062644787e-01
-2.582698044414981631e-01
-2.702021876035797243e-01
-2.630427577063307876e-01
-2.691415313225057893e-01
-2.542923433874709760e-01
-2.476632416307590345e-01
-2.375870069605568458e-01
-2.277759363606231269e-01
-1.988730527013589655e-01
-1.935697712959894012e-01
-2.047066622472654973e-01
-1.689095127610208691e-01
-1.792509115014915555e-01
-1.776599270798806807e-01
-1.837587006960556824e-01
-1.712959893934371813e-01
-2.267152800795492196e-01
-1.986078886310904956e-01
-2.108054358634404990e-01
-2.198210142525687805e-01
-2.245939675174014050e-01
-2.468677494199535971e-01
-2.333443818362611888e-01
-2.314882333443818441e-01
-2.336095459065296587e-01
-2.184951939012263755e-01
-2.264501160092807497e-01
-2.102751077229035592e-01
-1.821677162744448075e-01
-1.811070599933709002e-01
-1.705004971826317439e-01
-1.726218097447795863e-01
-1.575074577394763031e-01
