-9.869539037934033088e-01
-9.717000066903057620e-01
-9.082759082090051672e-01
-8.413728507392788103e-01
-7.961463838897437917e-01
-7.664414263731852417e-01
-7.608215695457282157e-01
-7.934702615909546841e-01
-8.357529939118217843e-01
-8.568943600722552789e-01
-8.675988492674114871e-01
-8.491336054057669891e-01
-7.974844450391382900e-01
-7.477085702816618218e-01
-7.193416739144978811e-01
-7.032849401217635688e-01
-7.099752458687361711e-01
-7.562721616377868772e-01
-8.282598514752124164e-01
-8.411052385093998884e-01
-8.386967284404897027e-01
-8.108650565330836057e-01
-7.527932026493611151e-01
-7.064962868803104090e-01
-6.749180437545996281e-01
-6.540442898240449443e-01
-6.791998394326620447e-01
-6.880310430186659110e-01
-7.439619990633572488e-01
-7.509199170402087731e-01
-7.442296112932360597e-01
-7.407506523048102975e-01
-6.722419214558105205e-01
-6.337057603532481043e-01
-6.235364956178497398e-01
-6.042684150665685872e-01
-6.511005552953770259e-01
-6.698334113869003348e-01
-7.214825717535291449e-01
-7.375393055462634573e-01
-7.292433264200174348e-01
-6.920452264668495168e-01
-6.658192279387168400e-01
-6.243393323074865053e-01
-6.098882718940255021e-01
-6.056064762159630854e-01
-6.331705358934903716e-01
-6.468187596173144982e-01
-6.810731250418143867e-01
-6.706362480765371004e-01
-6.826787984210878069e-01
-6.310296380544591077e-01
-5.932963136415334571e-01
-5.716197230213421188e-01
-5.569010503780023047e-01
-5.510135813206663569e-01
-5.809861510671037177e-01
-6.114939452732990333e-01
-6.406636783300997395e-01
-6.452130862380410781e-01
-6.532414531344082897e-01
-6.283535157556700002e-01
-5.930287014116545352e-01
-5.560982136883655391e-01
-5.376329698267210411e-01
-5.459289489529671746e-01
-5.748310697798889590e-01
-6.018599049976584014e-01
-6.125643941928146097e-01
-6.165785776409982155e-01
-6.088178229745099257e-01
-5.552953769987288846e-01
-5.349568475279320445e-01
-5.352244597578109664e-01
-4.980263598046430484e-01
-5.279989295510805203e-01
-5.357596842175686991e-01
-5.668027028835217473e-01
-5.737606208603732716e-01
-5.954372114805646099e-01
-5.676055395731585129e-01
-5.306750518498695168e-01
-5.314778885395062824e-01
-5.060547267010102601e-01
-5.031109921723422307e-01
-5.122098079882250188e-01
-5.432528266541780670e-01
-5.512811935505452787e-01
-5.582391115273968030e-01
-5.566334381481233828e-01
-5.403090921255101486e-01
-5.194353381949554649e-01
-4.755469324948150001e-01
-4.667157289088111338e-01
-4.825048504716665798e-01
-4.388840570014049813e-01
-4.846457483106977882e-01
-4.956178497357329182e-01
-4.870542583796079739e-01
-5.124774202181039406e-01
-5.170686084574788177e-01
-4.858039949228405430e-01
-4.740463624824637345e-01
-4.515999732781080800e-01
-4.401095597568308038e-01
-4.679003273431758814e-01
-4.537377246309038936e-01
-4.991649408778141561e-01
-5.026387868261072978e-01
-4.649609192330816931e-01
-4.577460084173959332e-01
-4.385062462422339435e-01
-4.272830516400560885e-01
-4.141893246041819521e-01
-4.035005678402031060e-01
-3.962856570245173460e-01
-4.232747678535640490e-01
-4.224731110962656189e-01
-4.454539381388202268e-01
-4.395751219186318504e-01
-4.593493219319927934e-01
-4.414456543523281318e-01
-4.026989110829046759e-01
-3.807869597167479192e-01
-3.759770191729574496e-01
-3.786492083639521611e-01
-4.085777273030930523e-01
-4.240764246108624236e-01
-4.179303894715745704e-01
-4.507983165208096499e-01
-4.211370165007682353e-01
-3.925445921571247276e-01
-3.521945353731044115e-01
-3.495223461821097000e-01
-3.703654218718685498e-01
-3.497895651012091767e-01
-3.524617542922038882e-01
-3.807869597167479192e-01
-3.618144164606854063e-01
-3.658227002471775013e-01
-3.845280245841405375e-01
-3.564700380786959832e-01
-3.468501569911149884e-01
-3.393680272563297518e-01
-3.201282650811677621e-01
-3.305498029260471871e-01
-3.612799786224864529e-01
-3.602111029460886016e-01
-3.513928786158059814e-01
-3.676932326808737828e-01
-3.620816353797848830e-01
-3.417729975282249866e-01
-3.000868461487073424e-01
-2.837864920836395410e-01
-3.110428218317856652e-01
-3.190593894047698553e-01
-3.145166677800788069e-01
-3.596766651078896482e-01
-3.051640056115972888e-01
-3.228004542721624737e-01
-3.113100407508851419e-01
-2.869931191128332060e-01
-2.744338299151579674e-01
-2.559957244972944079e-01
-2.931391542521210591e-01
-3.075689758834925236e-01
-2.829848353263411109e-01
-2.918030596566236756e-01
-3.257398623822566619e-01
-3.089050704789899071e-01
-2.995524083105083890e-01
-2.963457812813147241e-01
-2.821831785690426808e-01
-2.394281515131271298e-01
-2.567973812545928380e-01
-2.650811677466764493e-01
-2.950096866858173406e-01
-2.755027055915558742e-01
-3.040951299351994375e-01
-2.979490947959115288e-01
-2.391609325940276531e-01
-2.308771461019440141e-01
-2.308771461019440141e-01
-2.225933596098603751e-01
-2.351526488075355859e-01
-2.380920569176297741e-01
-2.589351326073885962e-01
-2.404970271895250089e-01
-2.765715812679537811e-01
-2.872603380319326827e-01
-2.511857839535038828e-01
-2.196539514997661868e-01
-2.073618812211904527e-01
-2.161801055514730452e-01
-1.758300487674527290e-01
-2.196539514997661868e-01
-2.511857839535038828e-01
-2.375576190794308207e-01
-2.338165542120382023e-01
-2.359543055648339882e-01
