-9.622706818968501663e-01
-9.611630321910695773e-01
-8.880581516095534811e-01
-8.232606438213915245e-01
-7.091727241259951908e-01
-5.795777085496711667e-01
-4.760124610591900396e-01
-4.042921426098995963e-01
-3.461405330564208960e-01
-3.372793354101765173e-01
-3.514018691588784993e-01
-3.804776739356178772e-01
-4.377985462097611635e-01
-4.981654551748009863e-01
-5.865005192107995979e-01
-6.457597784700588317e-01
-7.005884389061959316e-01
-7.545863620629975621e-01
-7.581862236067843375e-01
-6.972654897888542758e-01
-6.427137417791622953e-01
-5.848390446521287700e-01
-4.823814468674281764e-01
-3.788161993769470492e-01
-2.982346832814122273e-01
-2.794046382831429365e-01
-2.162686050536517801e-01
-1.952232606438213947e-01
-2.242990654205607448e-01
-2.489442713741779056e-01
-3.106957424714433813e-01
-3.749394254067150989e-01
-4.535825545171339734e-01
-5.114572516441675543e-01
-5.624091381100726483e-01
-6.100380754586361975e-01
-5.931464174454829097e-01
-5.704395984769816685e-01
-4.976116303219106918e-01
-4.211838006230529396e-01
-3.228798892350294159e-01
-2.763586015922464556e-01
-1.791623399100034653e-01
-1.318103149878850910e-01
-8.058151609553478034e-02
-8.971962616822429237e-02
-8.279681550709587501e-02
-1.517480096919349153e-01
-1.943925233644859807e-01
-2.674974039460020769e-01
-3.137417791623399177e-01
-3.802007615091727022e-01
-4.214607130494981146e-01
-4.535825545171339734e-01
-5.034267912772585341e-01
-4.505365178262374370e-01
-4.269989615784008374e-01
-3.746625129802699794e-01
-2.655590169608861295e-01
-2.209761163032191167e-01
-1.517480096919349153e-01
-1.262720664589823405e-01
-4.790584977500865482e-02
-5.787469712703357388e-02
-7.421253028729664358e-02
-8.750432675666321158e-02
-1.595015576323987605e-01
-1.791623399100034653e-01
-2.409138110072689409e-01
-3.140186915887850372e-01
-3.674627898926964287e-01
-3.885081343025268419e-01
-3.885081343025268419e-01
-3.860159224645206000e-01
-3.203876773970231739e-01
-3.239875389408099493e-01
-2.550363447559709229e-01
-2.143302180685358327e-01
-1.539633091034960100e-01
-1.595015576323987605e-01
-1.246105919003115264e-01
-1.140879196953963337e-01
-1.210107303565247511e-01
-1.417791623399100032e-01
-1.647628937348563638e-01
-2.051921079958463068e-01
-2.378677743163724601e-01
-2.854967116649359538e-01
-3.012807199723087637e-01
-2.769124264451367501e-01
-2.993423329871928162e-01
-2.915887850467289710e-01
-2.724818276220145608e-01
-2.486673589477327861e-01
-2.176531671858774608e-01
-1.686396677050882587e-01
-1.367947386638975471e-01
-9.470404984423676231e-02
-1.091034960193838638e-01
-1.104880581516095583e-01
-1.691028948122671183e-01
-1.983376325594726208e-01
-2.636858698767555187e-01
-2.797363141301232314e-01
-3.187159644597306052e-01
-3.261679564345084659e-01
-3.597019203210088945e-01
-3.780452851820005900e-01
-3.660074519919747638e-01
-3.399254800802521959e-01
-3.287474921180854048e-01
-2.866150759529951242e-01
-2.166809974204643163e-01
-1.788478073946689617e-01
-1.427343078245915664e-01
-1.424476927486385824e-01
-9.945543135568930826e-02
-1.112066494697621089e-01
-1.049011177987962118e-01
-1.493264545715104752e-01
-2.003439380911435919e-01
-2.676984809400974608e-01
-2.510748065348237246e-01
-3.035253654342218166e-01
-2.794496990541702752e-01
-3.115505875609057007e-01
-2.955001433075379880e-01
-2.823158498137002259e-01
-2.292920607623961105e-01
-1.736887360275150560e-01
-1.324161650902837550e-01
-1.031814273430782525e-01
-7.537976497563772527e-02
-3.668672972198337712e-02
-1.948982516480366953e-02
-4.757810260819719111e-02
-5.732301519059902761e-02
-9.085697907709945620e-02
-1.003152765835482879e-01
-1.731155058756090603e-01
-2.083691602178274482e-01
-2.470621954714818103e-01
-2.444826597879048435e-01
-2.570937231298366377e-01
-2.344511321295500161e-01
-2.017770134709085672e-01
-1.547721410146173648e-01
-1.071940384064201807e-01
-6.305531670965892899e-02
-3.267411865864144199e-02
-3.725995987388936847e-03
2.120951562052163925e-02
4.729148753224419327e-02
2.436228145600458431e-02
6.305531670965892725e-03
-4.270564631699627633e-02
-4.270564631699627633e-02
-1.031814273430782525e-01
-1.559186013184293562e-01
-1.837202636858698834e-01
-1.668099742046431633e-01
-2.063628546861565050e-01
-1.880194898251648095e-01
-1.387216967612496521e-01
-1.100601891659501314e-01
-9.257666953281742939e-02
-3.955288048151332780e-02
-1.777013470908569634e-02
1.003152765835482914e-02
2.378905130409859556e-02
5.015763829177414396e-02
2.665520206362854624e-02
8.025222126683863311e-03
-2.178274577242762799e-02
-4.585841215247921793e-02
-8.741759816566350982e-02
-1.120664946976210885e-01
-1.112066494697621089e-01
-1.464603038119804967e-01
-1.516193751791344302e-01
-1.453138435081685331e-01
-1.272570937231298493e-01
-9.974204643164230610e-02
-9.057036400114645835e-02
-2.780166236744052721e-02
-2.579535683576956312e-02
-4.299226139294926897e-03
2.178274577242762799e-02
3.525365434221840177e-02
1.433075379764975690e-02
2.264259100028661459e-02
-1.519059902550874176e-02
-4.442533677271424258e-02
-4.499856692462023827e-02
-8.856405846947550120e-02
-9.773574089997133507e-02
-1.134995700773860638e-01
-1.134995700773860638e-01
-1.140728002292920595e-01
-9.515620521639438223e-02
