9.303317238352041274e-01
8.891954599611212595e-01
8.631090487238979314e-01
8.297485420455258387e-01
8.796638866244435029e-01
8.869379820655922675e-01
9.223051357622122914e-01
8.759014234652285902e-01
8.580924311782780478e-01
8.525741518780961536e-01
8.716372985514516669e-01
9.024894964570138178e-01
9.029911582115758284e-01
8.869379820655922675e-01
8.445475638051044287e-01
8.340126669593026509e-01
8.570891076691540267e-01
8.874396438201542781e-01
9.039944817206998495e-01
8.834263497836584156e-01
8.508183357371292832e-01
8.372734683639555531e-01
8.563366150373110663e-01
8.864363203110302569e-01
9.054994669843857702e-01
8.791622248698814923e-01
8.558349532827490558e-01
8.455508873142283388e-01
8.673731736376747437e-01
8.816705336426914341e-01
8.907004452248071802e-01
8.804163792562864632e-01
8.415375932777324763e-01
8.387784536276415848e-01
8.641123722330218415e-01
8.731422838151376986e-01
8.869379820655922675e-01
8.691289897786417251e-01
8.553332915281871562e-01
8.475575343324763811e-01
8.488116887188812409e-01
8.786605631153194818e-01
8.776572396061955716e-01
8.723897911832946273e-01
8.450492255596664393e-01
8.528249827553772144e-01
8.493133504734432515e-01
8.811688718881294236e-01
8.656173574967078732e-01
8.503166739825672726e-01
8.493133504734432515e-01
8.463033799460714102e-01
8.656173574967078732e-01
8.743964382015425585e-01
8.713864676741707171e-01
8.701323132877657462e-01
8.530758136326581642e-01
8.733931146924186484e-01
8.638615413557408917e-01
8.716372985514516669e-01
8.859346585564682464e-01
8.651156957421458626e-01
8.437950711732614684e-01
8.503166739825672726e-01
8.580924311782780478e-01
8.844296732927823257e-01
8.809180410108484738e-01
8.545807988963440849e-01
8.520724901235342541e-01
8.611024017056500002e-01
8.590957546874020689e-01
8.666206810058317833e-01
8.671223427603937939e-01
8.583432620555589976e-01
8.493133504734432515e-01
8.573399385464350875e-01
8.678748353922367542e-01
8.769047469743525003e-01
8.606007399510879896e-01
8.646140339875838521e-01
8.485608578416002912e-01
8.583432620555589976e-01
8.789113939926005425e-01
8.736439455696995982e-01
8.671223427603937939e-01
8.510691666144102330e-01
8.636107104784599420e-01
8.455508873142283388e-01
8.658681883739888230e-01
8.706339750423277568e-01
8.593465855646830187e-01
8.440459020505424181e-01
8.570891076691540267e-01
8.588449238101210081e-01
8.598482473192450293e-01
8.608515708283689394e-01
8.478083652097573308e-01
8.523233210008152039e-01
8.483100269643193414e-01
8.653665266194268124e-01
9.303547963206307836e-01
9.165884487829297766e-01
9.103310180839747634e-01
9.103310180839747634e-01
9.098304236280583268e-01
9.125836931355985060e-01
9.105813153119328707e-01
9.183405293786370827e-01
9.040735873850197502e-01
9.023215067893123331e-01
9.125836931355985060e-01
9.160878543270133401e-01
9.153369626431386852e-01
9.060759652086852745e-01
8.983167511419810625e-01
8.945622927226081211e-01
9.125836931355985060e-01
9.223452850259683533e-01
9.175896376947625388e-01
9.010700206495213527e-01
8.990676428258557173e-01
8.888054564795694334e-01
9.210937988861773729e-01
9.148363681872223596e-01
9.138351792753894864e-01
9.045741818409360757e-01
9.000688317376884795e-01
8.993179400538139356e-01
9.085789374882673464e-01
9.258494462173831874e-01
9.276015268130904934e-01
9.028221012452286587e-01
8.955634816344408833e-01
8.920593204430260492e-01
9.163381515549715584e-01
9.165884487829297766e-01
9.155872598710969035e-01
9.093298291721418902e-01
8.928102121269007041e-01
9.010700206495213527e-01
9.063262624366434927e-01
9.170890432388461022e-01
9.198423127463862814e-01
8.918090232150679419e-01
8.810462424128653325e-01
8.990676428258557173e-01
9.140854765033477047e-01
9.098304236280583268e-01
9.230961767098428972e-01
9.013203178774794599e-01
9.023215067893123331e-01
9.005694261936049161e-01
9.188411238345535192e-01
9.195920155184281741e-01
9.100807208560165451e-01
8.990676428258557173e-01
8.837995119204055117e-01
8.913084287591515054e-01
9.155872598710969035e-01
9.138351792753894864e-01
9.098304236280583268e-01
8.855515925161129287e-01
8.777923784494087167e-01
8.978161566860647369e-01
9.063262624366434927e-01
9.135848820474313792e-01
9.060759652086852745e-01
8.895563481634440883e-01
8.725361366622864656e-01
9.000688317376884795e-01
9.173393404668043205e-01
9.105813153119328707e-01
8.920593204430260492e-01
8.875539703397784530e-01
8.747888117139103192e-01
9.060759652086852745e-01
9.145860709592641413e-01
9.168387460108878839e-01
9.083286402603091281e-01
8.968149677742318637e-01
8.820474313246980946e-01
8.850509980601964921e-01
9.318565796883799823e-01
9.143357737313059230e-01
9.005694261936049161e-01
8.710343532945372669e-01
8.772917839934922801e-01
9.025718040172705514e-01
9.170890432388461022e-01
9.165884487829297766e-01
8.965646705462736454e-01
8.827983230085726385e-01
8.760402978537012997e-01
8.948125899505663394e-01
9.223452850259683533e-01
9.130842875915149426e-01
8.943119954946499028e-01
8.677804893310806511e-01
8.785432701332832606e-01
8.965646705462736454e-01
