-9.282104534440982491e-01
-9.423329871928002310e-01
-9.423329871928002310e-01
-9.545171339563862656e-01
-9.190723433714087509e-01
-9.179646936656282730e-01
-9.093804084458290138e-01
-8.996884735202492767e-01
-8.717203184492904322e-01
-8.512287988923502580e-01
-8.467982000692281241e-01
-8.448598130841121767e-01
-8.423676012461058793e-01
-8.481827622014538326e-01
-8.495673243336794300e-01
-8.323987538940810227e-01
-8.132917964693665569e-01
-8.188300449982692797e-01
-8.011076497057805224e-01
-8.121841467635859679e-01
-8.049844236760124172e-01
-8.359986154378677981e-01
-8.168916580131533323e-01
-7.797853928695049897e-01
-7.814468674281758176e-01
-7.728625822083765584e-01
-7.540325372101073231e-01
-7.604015230183454044e-01
-7.465559016960886529e-01
-7.263412945655935982e-01
-7.551401869158878011e-01
-7.393561786085151022e-01
-7.100034614053305493e-01
-6.939425406715126199e-01
-7.016960886119764096e-01
-7.075112495673243629e-01
-6.908965039806160835e-01
-6.878504672897196581e-01
-6.897888542748356056e-01
-6.906195915541709640e-01
-6.557286258220837993e-01
-6.612668743509865221e-01
-6.377293181031499225e-01
-6.460366908965039512e-01
-6.321910695742471997e-01
-6.457597784700588317e-01
-6.141917618553132119e-01
-6.122533748701972645e-01
-6.022845275181724078e-01
-6.166839736933195093e-01
-5.942540671512633876e-01
-6.258220837660090075e-01
-5.649013499480789458e-01
-5.781931464174454582e-01
-5.613014884042921704e-01
-5.790238836967809277e-01
-5.978539286950501630e-01
-5.624091381100726483e-01
-5.532710280373831502e-01
-5.516095534787123222e-01
-5.613014884042921704e-01
-5.460713049498095994e-01
-5.377639321564555708e-01
-5.300103842159916701e-01
-5.003807545863621087e-01
-5.136725510557286212e-01
-4.895811699550017271e-01
-4.873658705434406602e-01
-4.945655936310142109e-01
-4.713049498096227308e-01
-5.003807545863621087e-01
-4.790584977500865205e-01
-4.696434752509519028e-01
-4.840429214260990043e-01
-4.580131533402561628e-01
-4.508134302526826120e-01
-4.582900657667012823e-01
-4.516441675320180260e-01
-4.593977154724818157e-01
-4.530287296642436790e-01
-4.555209415022499209e-01
-4.386292834890965775e-01
-4.427829698857736473e-01
-4.253374870197300095e-01
-4.366908965039806301e-01
-4.433367947386638863e-01
-4.530287296642436790e-01
-4.015230183454482349e-01
-4.195223260643821117e-01
-3.796469366562824632e-01
-4.300449982692973183e-01
-3.904465212876427893e-01
-3.885081343025268419e-01
-3.937694704049844452e-01
-4.048459674627898908e-01
-3.838006230529594776e-01
-3.824160609207338246e-01
-3.680166147455867232e-01
-3.682935271720318426e-01
-3.799238490827275827e-01
-4.425336772714244526e-01
-4.290627687016336789e-01
-4.236170822585267892e-01
-4.239036973344798009e-01
-4.032674118658641227e-01
-4.015477214101461634e-01
-3.918028088277443199e-01
-3.829177414732015117e-01
-4.198910862711378589e-01
-3.720263685869876769e-01
-3.820578962453425320e-01
-3.766122098022355869e-01
-3.634279163083978248e-01
-3.585554600171969031e-01
-3.528231584981370017e-01
-3.665806821438807872e-01
-3.548294640298079727e-01
-3.700200630553167058e-01
-3.605617655488678741e-01
-3.525365434221839900e-01
-3.373459443966752569e-01
-3.230151905990255035e-01
-3.622814560045858334e-01
-3.164230438521066224e-01
-3.588420750931499148e-01
-3.513900831183720541e-01
-3.238750358268844831e-01
-3.167096589280596342e-01
-3.075379764975637586e-01
-2.894812267125250749e-01
-3.089710518773287617e-01
-2.986529091430209504e-01
-3.061049011177988111e-01
-3.187159644597306052e-01
-2.957867583834909442e-01
-3.210088850673545324e-01
-2.877615362568071156e-01
-3.118372026368587124e-01
-2.837489251934651735e-01
-2.955001433075379880e-01
-2.848953854972771649e-01
-2.751504729148753214e-01
-2.805961593579822111e-01
-2.828890799656061938e-01
-2.599598738893665884e-01
-2.553740326741186784e-01
-2.292920607623961105e-01
-2.694181713958154201e-01
-2.725709372312983825e-01
-2.507881914588707128e-01
-2.450558899398108392e-01
-2.201203783319002627e-01
-2.301519059902550901e-01
-2.063628546861565050e-01
-2.112353109773573989e-01
-2.158211521926053367e-01
-2.034967039266265543e-01
-1.777013470908569703e-01
-2.080825451418744643e-01
-1.877328747492117977e-01
-2.029234737747205586e-01
-1.822871883061049081e-01
-1.903124104327887645e-01
-1.834336486099168717e-01
-1.934651762682716991e-01
-1.989108627113786165e-01
-2.238463743192891930e-01
-1.725422757237030646e-01
-1.854399541415878427e-01
-1.693895098882201300e-01
-1.679564345084551547e-01
-1.785611923187159777e-01
-2.026368586987675469e-01
-1.650902837489252040e-01
-1.599312123817712705e-01
-1.484666093436514678e-01
-1.567784465462883359e-01
-1.347090856979077100e-01
-1.458870736600745288e-01
-1.398681570650616157e-01
-1.453138435081685331e-01
-1.473201490398395042e-01
-1.516193751791344302e-01
-1.309830897105187797e-01
-1.083404987102321582e-01
-1.092003439380911378e-01
-1.132129550014330799e-01
-9.830897105187733076e-02
-1.023215821152192589e-01
-1.152192605331040370e-01
-1.080538836342791603e-01
-1.370020063055316650e-01
-1.060475781026082032e-01
-8.856405846947550120e-02
-1.034680424190312364e-01
-1.155058756090570349e-01
-1.203783319002579566e-01
-9.658928059615935757e-02
-8.741759816566350982e-02
-8.311837202636858379e-02
