-9.980358458138963718e-01
1.000736557819788874e+00
9.980358458138963718e-01
1.000736557819788874e+00
1.000245519273262884e+00
1.000000000000000000e+00
9.965627301743187338e-01
1.001227596366314865e+00
1.000000000000000000e+00
9.995089614534741207e-01
9.987724036336852462e-01
9.987724036336852462e-01
9.997544807267370048e-01
9.975448072673704925e-01
1.000736557819788874e+00
9.987724036336852462e-01
9.992634421802111255e-01
9.992634421802111255e-01
9.950896145347409849e-01
9.995089614534741207e-01
