-9.170158213995371899e-01
-9.057594897129634948e-01
-8.542305046588706263e-01
-7.859420924269902020e-01
-7.546745044087299625e-01
-6.953911575261084721e-01
-6.948908761178163029e-01
-7.324119817397285459e-01
-7.759364642611469298e-01
-8.057032080545306618e-01
-7.736851979238321686e-01
-7.609280220123819660e-01
-7.171533987868176085e-01
-6.598711775373647948e-01
-6.336064036020261359e-01
-6.471140016259145922e-01
-6.916390469639172034e-01
-7.399162028641110833e-01
-7.676818210243261387e-01
-7.904446251016196134e-01
-7.261584641360765424e-01
-6.818835595022200158e-01
-6.308548558564192055e-01
-5.958351572759676973e-01
-6.078419110749796461e-01
-6.318554186730035438e-01
-6.828841223188043541e-01
-7.156525545619411011e-01
-6.931398911887937109e-01
-6.746294790819835629e-01
-6.195985241698455104e-01
-5.793258708023263370e-01
-5.475580013757738174e-01
-5.393033581389531372e-01
-5.783253079857419987e-01
-6.160965543118004373e-01
-6.483647051466450151e-01
-6.883872178100181038e-01
-6.326058407854417975e-01
-6.078419110749796461e-01
-5.445563129260209134e-01
-5.187918203989744237e-01
-5.408042023638296447e-01
-5.225439309611656924e-01
-5.733224939028203071e-01
-5.988368457257207123e-01
-6.383590769808017429e-01
-6.133450065661935069e-01
-5.593146144706396816e-01
-5.100368957538615744e-01
-4.917766243511975666e-01
-4.507535488712400840e-01
-4.862735288599837613e-01
-5.145394284284909858e-01
-5.603151772872240199e-01
-5.618160215121005274e-01
-5.553123632043024394e-01
-5.515602526421111707e-01
-4.797698705521856177e-01
-4.432493277468576021e-01
-4.257394784566318480e-01
-4.384966543680820505e-01
-4.517541116878244223e-01
-4.862735288599837613e-01
-5.092864736414233207e-01
-5.262960415233568501e-01
-4.935276092802201031e-01
-4.507535488712400840e-01
-4.087299105746982630e-01
-4.034769557876305424e-01
-4.082296291664060939e-01
-4.357451066224751202e-01
-4.482521418297792382e-01
-4.690138202739040918e-01
-4.752673378775561508e-01
-4.630104433743981174e-01
-4.322431367644299915e-01
-4.007254080420236120e-01
-3.684572572071790342e-01
-3.672065536864486113e-01
-3.939716090300794393e-01
-4.279907447939466092e-01
-4.257394784566318480e-01
-4.447501719717341095e-01
-4.367456694390594585e-01
-4.229879307110249731e-01
-3.521981114376837030e-01
-3.562003627040210008e-01
-3.692076793196172879e-01
-3.539490963667062950e-01
-3.632043024201113135e-01
-3.914702019886185935e-01
-4.087299105746982630e-01
-3.772121818522919390e-01
-3.667062722781564421e-01
-3.461947345381777286e-01
-3.314364329935588493e-01
-3.069226439872428380e-01
-3.306860108811206511e-01
-3.524482521418297876e-01
-4.399624177889132626e-01
-4.384591293454431771e-01
-4.347009082367679356e-01
-4.028813028499843574e-01
-3.883495145631067902e-01
-3.515189476980895567e-01
-3.314751017851550463e-01
-3.520200438459129555e-01
-3.698089570936423653e-01
-4.051362355151894579e-01
-3.993736298152207875e-01
-3.700595051675540370e-01
-3.470090823676793002e-01
-3.462574381459442296e-01
-3.284685248982148198e-01
-3.071719386157218956e-01
-3.116818039461321521e-01
-3.440025054807391292e-01
-3.522705919198246272e-01
-3.820858127153147765e-01
-3.640463513936736395e-01
-3.637958033197619678e-01
-3.249608518634513055e-01
-2.610710930159724219e-01
-2.763545255245850041e-01
-2.730974005637331614e-01
-3.014093329157532253e-01
-3.442530535546508008e-01
-3.445036016285624725e-01
-3.419981208894456448e-01
-3.059191982461634818e-01
-2.906357657375508996e-01
-2.630754776072659062e-01
-2.480425931725649957e-01
-2.603194487942374069e-01
-2.848731600375822293e-01
-2.735984967115565047e-01
-3.046664578766050679e-01
-2.913874099592859146e-01
-2.788600062637018318e-01
-2.931412464766677273e-01
-2.568117757594738371e-01
-2.099592859379893484e-01
-2.051988725336673924e-01
-2.290009395552771720e-01
-2.435327278421547115e-01
-2.796116504854369023e-01
-2.826182273723770733e-01
-2.570623238333855087e-01
-2.670842467898528194e-01
-2.167240839336047609e-01
-2.072032571249608490e-01
-2.059505167554024352e-01
-2.097087378640776767e-01
-2.325086125900407141e-01
-2.317569683683056714e-01
-2.603194487942374069e-01
-2.533041027247103227e-01
-2.548073911681804082e-01
-2.279987472596304299e-01
-1.936736611337300240e-01
-1.941747572815533951e-01
-1.703726902599436155e-01
-1.966802380206702228e-01
-2.290009395552771720e-01
-2.510491700595051667e-01
-2.573128719072972359e-01
-2.435327278421547115e-01
-1.914187284685248958e-01
-1.601002192295646609e-01
-1.345443156905731241e-01
-1.626056999686814886e-01
-1.590980269339179465e-01
-2.217350454118383885e-01
-2.134669589727528904e-01
-2.224866896335734312e-01
-2.254932665205136300e-01
-1.621046038208581175e-01
-1.849044785468211827e-01
-1.295333542123394965e-01
-1.731287190729721148e-01
-1.671155652990917728e-01
-1.961791418728468517e-01
-2.044472283119323497e-01
-1.753836517381772708e-01
-1.939242092076417234e-01
-1.641089884121515741e-01
-1.297839022862511682e-01
-1.197619793297838992e-01
-1.072345756341998163e-01
-1.405574694644534939e-01
-1.498277481991857063e-01
-1.352959599123081669e-01
-1.801440651424992268e-01
-1.839022862511744405e-01
-1.500782962730974057e-01
-9.771374882555590446e-02
-9.971813341684936105e-02
-1.142499217037269005e-01
-1.287817099906044538e-01
