-9.815083622593878676e-01
-9.704007573366992823e-01
-9.633322814768066067e-01
-9.640896181760807426e-01
-9.661091827074786975e-01
-9.603029346797097299e-01
-9.512148942884190994e-01
-9.509624487219943134e-01
-9.524771221205428073e-01
-9.517197854212685604e-01
-9.522246765541180213e-01
-9.443988639949510988e-01
-9.353108236036604684e-01
-9.337961502051119744e-01
-9.234458819816977471e-01
-9.090564846954874989e-01
-9.130956137582834087e-01
-8.974439886399495636e-01
-8.964342063742505307e-01
-8.828021457873146405e-01
-8.732092142631745491e-01
-8.636162827390343466e-01
-8.562953613127169961e-01
-8.497317765856736704e-01
-8.272641211738719358e-01
-8.136320605869359346e-01
-8.121173871883875517e-01
-8.085831492584411029e-01
-7.967182076364783816e-01
-7.737456610918270750e-01
-7.641527295676869835e-01
-7.623856106027138146e-01
-7.449668665194068007e-01
-7.293152414010728446e-01
-7.050804670242979411e-01
-6.962448721994319856e-01
-6.929630798359104338e-01
-6.664562953613126783e-01
-6.667087409277374643e-01
-6.482802145787314174e-01
-6.230356579362574809e-01
-6.083938150836225578e-01
-6.010728936573050962e-01
-5.705269801199116531e-01
-5.599242663300725287e-01
-5.412432944146418068e-01
-5.366992742189965471e-01
-5.114547175765226106e-01
-5.167560744714421173e-01
-4.862101609340486186e-01
-4.662669611864941888e-01
-4.632376143893973119e-01
-4.551593562638056034e-01
-4.079520353423792822e-01
-3.688229725465446696e-01
-3.852319343641527061e-01
-3.622593878195013994e-01
-3.524140107289365775e-01
-3.120227201009782014e-01
-3.127800568002524484e-01
-2.840012622278321186e-01
-2.718838750394446113e-01
-2.665825181445251046e-01
-2.428526349005995510e-01
-2.110444935310823722e-01
-1.946355317134742802e-01
-1.681287472388766080e-01
-1.597980435468601967e-01
-1.658567371410539504e-01
-1.396023982328810364e-01
-1.221836541495739947e-01
-1.088040391290627934e-01
-1.057746923319659166e-01
-7.043231303250237219e-02
-5.881981697696433975e-02
-4.417797412432944437e-02
-3.357526033449037550e-02
1.060271378983906540e-02
4.291574629220574338e-03
6.058693594193751905e-03
1.792363521615651656e-02
6.841274850110444505e-02
6.361628273903439934e-02
6.109182707478699736e-02
1.085515935626380629e-01
1.128431681918586338e-01
1.214263174502997755e-01
1.691385295045755854e-01
1.688860839381508272e-01
1.767118964973177775e-01
1.842852634900599695e-01
1.943830861470495497e-01
2.057431366361628378e-01
2.302303565793625828e-01
2.605238245503313510e-01
2.448721994319974782e-01
2.668349637109498351e-01
2.643105080467024193e-01
2.781950142000630954e-01
2.887977279899021643e-01
1.922042169805418255e-01
1.909528874429080869e-01
2.139773509353688208e-01
2.204842645310642613e-01
1.979603328536570228e-01
2.254895826815991877e-01
2.447600575611587337e-01
2.370018144278295824e-01
2.124757554902083345e-01
2.425076643934180043e-01
2.580241506600763346e-01
2.435087280235249951e-01
2.585246824751298300e-01
2.560220233998623529e-01
2.572733529374960915e-01
2.515172370643808941e-01
2.397547394106237795e-01
2.387536757805167886e-01
2.685353187761997384e-01
2.572733529374960915e-01
2.560220233998623529e-01
2.585246824751298300e-01
2.530188325095413804e-01
2.482637802665332016e-01
2.807983482450103208e-01
2.632797347181380365e-01
2.775448914471626005e-01
2.687855846837264862e-01
2.432584621159982474e-01
2.592754801977100731e-01
2.625289369955577934e-01
2.349996871676156007e-01
2.227366576988049907e-01
2.357504848901958439e-01
2.447600575611587337e-01
2.347494212600888530e-01
2.109741600450478760e-01
2.242382531439654769e-01
2.217355940686979998e-01
2.047175123568791832e-01
1.887004942751673575e-01
2.014640555590314630e-01
1.769379966214102429e-01
1.664268285052868668e-01
1.599199149095914541e-01
1.506600763311017888e-01
1.431520991052993852e-01
1.363949196020771970e-01
1.233810924106863577e-01
1.296377400988550366e-01
1.061127447913407934e-01
7.583056998060438980e-02
8.884439717199524300e-02
8.934492898704873842e-02
8.133641994619282556e-02
6.807232684727522465e-02
6.431833823437402287e-02
3.353563160858412384e-02
2.727898392041544148e-02
2.252393167740724539e-02
1.501595445160482968e-02
-8.509040855909403081e-03
-2.828004755052242886e-02
-2.477632484514797132e-02
-4.629919289244822933e-02
-4.704999061502846552e-02
-6.006381780641931872e-02
-8.684226991178126132e-02
-8.834386535694174758e-02
-1.053619470687605642e-01
-1.013576925483326008e-01
-1.211286992429456283e-01
-1.266345492085340640e-01
-1.403991741225051604e-01
-1.691797534880810916e-01
-1.671776262278671099e-01
-1.952074078708627980e-01
-1.997121942063442290e-01
-2.034661828192454447e-01
-2.174810736407432887e-01
-2.490145779891134448e-01
-2.945629731589814448e-01
-2.385034098729900409e-01
-2.662829256084590090e-01
-2.993180254019895958e-01
-3.010698867546768298e-01
-3.108302571482199905e-01
-3.178377025589689264e-01
-3.381092410686354355e-01
-3.503722705374460178e-01
-3.516236000750797563e-01
-3.891634862040918574e-01
-3.784020521804417059e-01
-3.841581680535569032e-01
-4.277044359632108939e-01
-4.384658699868610454e-01
-4.257023087029969122e-01
-4.584871425890008068e-01
-4.564850153287868251e-01
-4.785084151911405681e-01
