9.990007327959495864e-01
9.670241822663380171e-01
9.369129305176203681e-01
8.985410698820864850e-01
9.166611151821997261e-01
9.608953434148290729e-01
9.771500899340483937e-01
9.696888948104722683e-01
9.358470454999666677e-01
9.081340350409699003e-01
8.945440010658850527e-01
9.454400106588501940e-01
9.763506761708080628e-01
9.670241822663380171e-01
9.470388381853307447e-01
9.076010925321430500e-01
8.913463460129238403e-01
9.251881953234294409e-01
9.592965158883485222e-01
9.840783425487975578e-01
9.491706082206381456e-01
9.081340350409699003e-01
8.894810472320298089e-01
9.046699087335953182e-01
9.411764705882352811e-01
9.776830324428752439e-01
9.521017920191858774e-01
9.182599427086802768e-01
8.932116447938178716e-01
9.009393111718073666e-01
9.321164479381787160e-01
9.662247685030976863e-01
9.531676770368396889e-01
9.163946439277862455e-01
9.044034374791819486e-01
8.822863233628672752e-01
9.054693224968356491e-01
9.521017920191858774e-01
9.635600559589634351e-01
9.377123442808606990e-01
8.844180933981746762e-01
8.796216108187329130e-01
8.934781160482313522e-01
9.275864366131503225e-01
9.598294583971753724e-01
9.502364932382919571e-01
9.081340350409699003e-01
8.745586569848777803e-01
8.945440010658850527e-01
9.131969888748251440e-01
9.510359070015321770e-01
9.438411831323696433e-01
9.089334488042102311e-01
8.758910132569449614e-01
8.638998068083405535e-01
9.065352075144893496e-01
9.499700219838784765e-01
9.406435280794084308e-01
9.174605289454400570e-01
8.814869095996269444e-01
8.764239557657718116e-01
8.940110585570582025e-01
9.265205515954966220e-01
9.446405968956098631e-01
9.211911265072280086e-01
8.628339217906868530e-01
8.556391979215242083e-01
8.846845646525881568e-01
9.369129305176203681e-01
9.331823329558324165e-01
9.227899540337085593e-01
8.953434148291252725e-01
8.654986343348211042e-01
8.697621744054360171e-01
9.091999200586237118e-01
9.326493904470055663e-01
9.243887815601892211e-01
8.945440010658850527e-01
8.740257144760509300e-01
8.676304043701286162e-01
8.910798747585104707e-01
9.353141029911398174e-01
9.342482179734861170e-01
9.153287589101325450e-01
8.633668642995137033e-01
8.585703817200719401e-01
8.769568982745986618e-01
9.206581839984011584e-01
9.411764705882352811e-01
9.166611151821997261e-01
8.769568982745986618e-01
8.516421291053227760e-01
8.822863233628672752e-01
9.046699087335953182e-01
9.267870228499101026e-01
9.161281726733728759e-01
8.886816334687895891e-01
8.689627606421956862e-01
8.575044967024182396e-01
8.969422423556059343e-01
9.316170555108608253e-01
9.270581925449181693e-01
8.884419415392866837e-01
8.683293108071868938e-01
8.801287208366854742e-01
9.090909090909090606e-01
9.466344864574952611e-01
9.334942343791901020e-01
9.056047197640118007e-01
8.828104049342987425e-01
8.782515419683560864e-01
9.010458567980691447e-01
9.216948243496916326e-01
9.216948243496916326e-01
9.029230356663985324e-01
8.803968892464467677e-01
8.779833735585947929e-01
8.854920890319120108e-01
9.300080450522928421e-01
9.289353714132475570e-01
9.096272459104317587e-01
8.881737731295253901e-01
8.635022794314829442e-01
8.919281308661839436e-01
9.182086350227942617e-01
9.278626977742021609e-01
9.270581925449181693e-01
8.935371413247519268e-01
8.790560471976400780e-01
8.854920890319120108e-01
9.007776883883078511e-01
9.219629927594529262e-01
9.117725931885224400e-01
9.037275408956825240e-01
8.812013944757307593e-01
8.632341110217216507e-01
8.991686779297398679e-01
9.230356663984982113e-01
9.123089300080450270e-01
8.978278358809331783e-01
8.916599624564226501e-01
8.852239206221507173e-01
8.889782783588093817e-01
9.005095199785465576e-01
9.133816036470904232e-01
8.999731831590238595e-01
8.846875838026280192e-01
8.830785733440600360e-01
8.820058997050147509e-01
9.088227406811477671e-01
9.192813086618396579e-01
9.262536873156341777e-01
9.002413515687851531e-01
8.884419415392866837e-01
8.820058997050147509e-01
8.919281308661839436e-01
9.157951193349423979e-01
9.069455618128184904e-01
9.069455618128184904e-01
8.854920890319120108e-01
8.822740681147760444e-01
8.980960042906945828e-01
8.956824886028426080e-01
9.139179404666130102e-01
8.943416465540359184e-01
8.849557522123894238e-01
8.763743631000268097e-01
8.930008045052292287e-01
8.943416465540359184e-01
8.994368463395011615e-01
9.136497720568517167e-01
8.916599624564226501e-01
8.881737731295253901e-01
8.812013944757307593e-01
8.962188254223651951e-01
9.165996245642263895e-01
9.115044247787610354e-01
9.069455618128184904e-01
8.935371413247519268e-01
8.790560471976400780e-01
8.895146151783319688e-01
8.980960042906945828e-01
9.224993295789756242e-01
9.029230356663985324e-01
8.948779833735586164e-01
8.868329310807187005e-01
8.924644676857066417e-01
9.026548672566371279e-01
9.174041297935102701e-01
9.141861088763744148e-01
9.007776883883078511e-01
8.879056047197639856e-01
8.841512469831054322e-01
9.015821936175918427e-01
9.023866988468758343e-01
9.080182354518637755e-01
9.082864038616250690e-01
8.940734781442746248e-01
8.803968892464467677e-01
8.736926790024135414e-01
