1.009393111718073444e+00
9.936713077076810841e-01
9.960695489974018546e-01
9.878089401105856204e-01
9.942042502165079343e-01
9.979348477782958859e-01
9.955366064885750044e-01
9.944707214709213039e-01
1.000599560322430248e+00
9.926054226900272726e-01
9.867430550929318089e-01
9.902071814003063910e-01
9.902071814003063910e-01
9.902071814003063910e-01
1.000333089068016879e+00
9.976683765238825163e-01
9.910065951635467218e-01
9.891412963826526905e-01
9.968689627606421855e-01
1.001931916594497318e+00
1.002731330357737649e+00
9.904736526547198716e-01
9.907401239091333522e-01
9.907401239091333522e-01
9.920724801812004223e-01
9.942042502165079343e-01
9.891412963826526905e-01
9.872759976017586592e-01
9.830124575311438573e-01
9.752847911531543623e-01
9.846112850576244080e-01
9.942042502165079343e-01
9.886083538738258403e-01
9.971354340150556661e-01
9.888748251282393209e-01
9.835454000399707075e-01
9.952701352341616348e-01
9.891412963826526905e-01
9.894077676370661711e-01
9.851442275664512582e-01
9.854106988208647389e-01
9.918060089267870527e-01
9.968689627606421855e-01
9.907401239091333522e-01
9.838118712943840771e-01
1.001665445340083949e+00
9.840783425487975578e-01
9.856771700752781085e-01
9.880754113649989900e-01
9.848777563120378886e-01
9.894077676370661711e-01
9.856771700752781085e-01
9.792818599693557946e-01
9.830124575311438573e-01
9.856771700752781085e-01
9.846112850576244080e-01
9.835454000399707075e-01
9.899407101458930214e-01
9.894077676370661711e-01
9.950036639797481541e-01
9.936713077076810841e-01
9.867430550929318089e-01
9.915395376723735721e-01
9.798148024781826448e-01
9.880754113649989900e-01
9.896742388914795407e-01
9.811471587502498259e-01
9.907401239091333522e-01
9.891412963826526905e-01
9.880754113649989900e-01
9.686230097928185678e-01
9.787489174605289444e-01
9.918060089267870527e-01
9.840783425487975578e-01
9.878089401105856204e-01
9.819465725134901568e-01
9.915395376723735721e-01
9.864765838385184393e-01
9.875424688561721398e-01
9.755512624075677319e-01
9.875424688561721398e-01
9.888748251282393209e-01
9.771500899340483937e-01
9.763506761708080628e-01
9.752847911531543623e-01
9.894077676370661711e-01
9.832789287855572269e-01
9.840783425487975578e-01
9.806142162414229757e-01
9.718206648457797803e-01
9.864765838385184393e-01
9.752847911531543623e-01
9.846112850576244080e-01
9.840783425487975578e-01
9.771500899340483937e-01
9.875424688561721398e-01
9.806142162414229757e-01
9.816801012590766762e-01
9.664912397575111669e-01
9.718206648457797803e-01
9.823008849557521849e-01
9.825690533655135894e-01
9.823008849557521849e-01
9.809600429069456062e-01
9.906141056583533944e-01
9.823008849557521849e-01
9.825690533655135894e-01
9.849825690533655642e-01
9.895414320193081092e-01
9.780101903995709334e-01
9.954411370340573439e-01
9.890050951997854112e-01
9.857870742826495558e-01
9.737194958433896819e-01
9.833735585947975810e-01
9.863234111021721429e-01
9.788146956288549250e-01
9.809600429069456062e-01
9.774738535800482353e-01
9.806918744971842017e-01
9.882005899705014196e-01
9.798873692679002101e-01
9.718423169750602941e-01
9.833735585947975810e-01
9.809600429069456062e-01
9.667471171895950510e-01
9.833735585947975810e-01
9.718423169750602941e-01
9.715741485652990006e-01
9.710378117457763025e-01
9.745240010726736735e-01
9.755966747117189586e-01
9.798873692679002101e-01
9.678197908286403361e-01
9.836417270045588745e-01
9.809600429069456062e-01
9.809600429069456062e-01
9.632609278626977911e-01
9.764011799410029502e-01
9.774738535800482353e-01
9.691606328774470258e-01
9.764011799410029502e-01
9.670152855993563445e-01
9.758648431214802521e-01
9.798873692679002101e-01
9.713059801555377071e-01
9.753285063019576651e-01
9.715741485652990006e-01
9.629927594529364976e-01
9.806918744971842017e-01
9.734513274336282773e-01
9.715741485652990006e-01
9.670152855993563445e-01
9.678197908286403361e-01
9.702333065164923109e-01
9.806918744971842017e-01
9.646017699115043698e-01
9.718423169750602941e-01
9.715741485652990006e-01
9.755966747117189586e-01
9.659426119603110594e-01
9.651381067310270678e-01
9.667471171895950510e-01
9.619200858138911014e-01
9.597747385358005312e-01
9.613837489943685144e-01
9.688924644676857323e-01
9.616519174041298079e-01
9.777420219898096398e-01
9.648699383212657743e-01
9.686242960579243277e-01
9.538750335210511855e-01
9.613837489943685144e-01
9.688924644676857323e-01
9.678197908286403361e-01
9.605792437650845228e-01
9.637972646822204892e-01
9.592384017162778331e-01
9.656744435505497659e-01
9.726468222043442857e-01
9.640654330919817827e-01
9.565567176186645648e-01
9.605792437650845228e-01
9.654062751407883614e-01
9.643336015017430762e-01
9.485116653258246489e-01
9.664789487798337575e-01
9.525341914722446068e-01
9.632609278626977911e-01
9.460981496379726741e-01
9.621882542236525060e-01
9.672834540091177491e-01
9.471708232770179592e-01
9.611155805846071098e-01
9.664789487798337575e-01
9.530705282917671939e-01
9.611155805846071098e-01
9.616519174041298079e-01
9.643336015017430762e-01
9.576293912577098499e-01
