-9.726727674345219121e-01
-9.461659829599242677e-01
-8.992111076049227325e-01
-8.194383086147049022e-01
-6.967497633322814465e-01
-6.000631113916061743e-01
-4.821710318712527643e-01
-4.215840959293152279e-01
-3.329757021142316087e-01
-3.218680971915430788e-01
-3.387819501420006318e-01
-3.849794887977279756e-01
-4.362259387819501510e-01
-5.127169454086462075e-01
-5.869359419375197451e-01
-6.553486904386242040e-01
-7.265383401704007538e-01
-7.697065320290312762e-01
-7.681918586304827823e-01
-7.442095298201325537e-01
-6.851372672767434002e-01
-5.962764278952350505e-01
-4.925213000946671027e-01
-3.859892710634269530e-01
-2.981382139476175253e-01
-2.443673082991479895e-01
-1.832754812243609921e-01
-1.698958662038498046e-01
-2.236667718523193404e-01
-2.597664878510571040e-01
-3.130325023666771789e-01
-4.016408961817607981e-01
-4.607131587251498961e-01
-5.361943830861470861e-01
-5.960239823288103755e-01
-6.404544020195644949e-01
-6.134427264121173895e-01
-5.899652887346166219e-01
-5.409908488482171318e-01
-4.531397917324077040e-01
-3.625118333859261854e-01
-2.653202903124013967e-01
-1.966550962448722073e-01
-1.037551278005680033e-01
-5.074155885137267286e-02
-4.367308299147996259e-02
-7.497633322814768742e-02
-1.353108236036604517e-01
-1.979173240769958875e-01
-2.845061533606815796e-01
-3.319659198485326868e-01
-4.165351846008204517e-01
-4.841905964026506637e-01
-5.119596087093720715e-01
-5.334174818554748843e-01
-5.142316188071947014e-01
-4.387503944461975114e-01
-3.892710634269485603e-01
-3.188387503944462020e-01
-2.130640580624802716e-01
-1.658567371410539504e-01
-9.946355317134743246e-02
-6.891763963395393378e-02
-5.124644998422215464e-02
-5.250867781634584869e-02
-8.078258125591669669e-02
-1.534869043862417126e-01
-2.032186809719154219e-01
-2.713789839065951504e-01
-3.291890186178605404e-01
-3.965919848532660219e-01
-4.410224045440201968e-01
-4.493531082360365803e-01
-4.364783843483748815e-01
-4.253707794256863517e-01
-3.562006942253076458e-01
-3.014200063111391881e-01
-2.367939413064057974e-01
-1.885768381192805265e-01
-1.093089302619122682e-01
-1.050173556326916974e-01
-1.075418112969390994e-01
-1.262227832123698212e-01
-1.365730514357841596e-01
-1.625749447775323431e-01
-2.150836225938781987e-01
-2.605238245503313510e-01
-3.082360366046071332e-01
-3.478699905332912623e-01
-3.526664562953613080e-01
-3.577153676238560842e-01
-3.728621016093404683e-01
-3.491322183654149702e-01
-3.203534237929946404e-01
-2.731461028715683192e-01
-2.408330703692016517e-01
-1.943830861470495497e-01
-1.446513095613758404e-01
-1.262227832123698212e-01
-1.209214263174503007e-01
-1.469060877182006009e-01
-1.541637990364762567e-01
-1.967090033160232843e-01
-2.329975599074016190e-01
-2.670337233310392522e-01
-2.747919664643683757e-01
-3.200900957267096558e-01
-3.428642933116436420e-01
-3.148345116686479539e-01
-3.381092410686354355e-01
-3.223424888944503297e-01
-3.035725458299443069e-01
-2.562722893073891006e-01
-2.507664393418006510e-01
-2.039667146342989401e-01
-1.724332102859288118e-01
-1.386473127698179264e-01
-1.499092786085215456e-01
-1.038603516236000779e-01
-1.316398673590690183e-01
-1.651754989676531282e-01
-2.042169805418256878e-01
-2.462616530063192199e-01
-2.675342551460927476e-01
-2.652818619783520182e-01
-2.960645686041418756e-01
-2.707877119439404123e-01
-2.632797347181380365e-01
-2.585246824751298300e-01
-2.034661828192454447e-01
-1.997121942063442290e-01
-1.381467809547644310e-01
-1.136207220171432108e-01
-1.158731151848839402e-01
-8.333854720640680724e-02
-7.482950635049739896e-02
-8.183695176124632098e-02
-7.457924044297065125e-02
-1.243821560407933485e-01
-1.333917287117562522e-01
-1.601701808171182018e-01
-2.157292122880560548e-01
-2.239879872364387292e-01
-2.355002189826690961e-01
-2.425076643934180043e-01
-2.119752236751548391e-01
-1.922042169805418255e-01
-1.691797534880810916e-01
-1.173747106300444265e-01
-1.011074266408058531e-01
-5.430770193330413526e-02
-5.180504285803666509e-02
-3.578802477632484630e-02
-1.251329537633735778e-02
-3.403616342363761232e-02
-5.080397922792967424e-02
-5.330663830319714441e-02
-8.634173809672777977e-02
-1.361446536945504493e-01
-1.544140649440030044e-01
-1.644247012450728851e-01
-2.152286804730025593e-01
-1.856973033848464127e-01
-1.922042169805418255e-01
-1.446536945504598715e-01
-1.544140649440030044e-01
-1.003566289182256099e-01
-5.931302008383907559e-02
-7.407870862791715583e-02
-1.751861352687230158e-02
-4.504786335481449251e-03
-4.004254520427954697e-03
-3.253456797847713300e-02
-1.626728398923856650e-02
-2.828004755052242886e-02
-5.480823374835763068e-02
-8.183695176124632098e-02
-1.213789651504723760e-01
-1.676781580429206053e-01
-1.561659262966902384e-01
-1.373959832321841878e-01
-1.596696490020647063e-01
-1.218794969655258714e-01
-1.151223174623036971e-01
-8.684226991178126132e-02
-6.932365638490896320e-02
-5.756115873115184856e-02
-3.753988612901207333e-02
-2.978164299568291165e-02
-1.902020897203278438e-02
9.259838578489644478e-03
-7.257711318275667997e-03
-2.802978164299568462e-02
-4.229493837202027290e-02
-5.881248826878558711e-02
-8.534067446662078893e-02
-9.359944941500343563e-02
-1.171244447225176788e-01
-1.388975786773446741e-01
-1.429018331977726375e-01
