-9.955174951495283642e-01
-9.933765973104971003e-01
-9.818692714257041265e-01
-9.674182110122432343e-01
-9.679534354720010780e-01
-9.535023750585401858e-01
-9.454740081621729741e-01
-9.246002542316184014e-01
-9.254030909212550560e-01
-9.347695189670167659e-01
-9.128253161169465058e-01
-9.155014384157356133e-01
-9.232621930822239031e-01
-9.039941125309426395e-01
-8.981066434736066917e-01
-8.863317053589349070e-01
-8.702749715662005947e-01
-8.724158694052318586e-01
-8.737539305546263568e-01
-8.534154010838295168e-01
-8.665284003478959107e-01
-8.510068910149193311e-01
-8.357529939118217843e-01
-8.378938917508530482e-01
-8.210343212684819703e-01
-8.081889342342944982e-01
-7.878504047634976581e-01
-7.996253428781695538e-01
-7.964139961196227135e-01
-7.985548939586538664e-01
-7.873151803037399254e-01
-7.782163644878571374e-01
-7.720612832006422677e-01
-7.522579781896032713e-01
-7.450324479828728252e-01
-7.565397738676657990e-01
-7.353984077072321934e-01
-7.273700408108650928e-01
-7.367364688566268027e-01
-7.271024285809861709e-01
-7.078343480297049073e-01
-7.174683883053455391e-01
-6.749180437545996281e-01
-7.078343480297049073e-01
-6.896367163979393311e-01
-6.757208804442362826e-01
-6.577908610423496283e-01
-6.626078811801698887e-01
-6.494948819161036058e-01
-6.580584732722285501e-01
-6.521710042148926023e-01
-6.411989027898574722e-01
-6.176490265605137919e-01
-6.355790459624004463e-01
-6.200575366294239776e-01
-6.023951294574162452e-01
-6.056064762159630854e-01
-5.874088445841975092e-01
-5.887469057335920075e-01
-5.750986820097678809e-01
-5.775071920786779556e-01
-5.807185388372249069e-01
-5.558306014584866173e-01
-5.354920719876898882e-01
-5.646618050444904835e-01
-5.362949086773265428e-01
-5.296046029303539404e-01
-5.199705626547133086e-01
-5.424499899645414125e-01
-5.191677259650766540e-01
-5.116745835284672861e-01
-5.183648892754398885e-01
-5.025757677125844980e-01
-4.867866461497290520e-01
-4.972235231150063384e-01
-4.982939720345219703e-01
-4.707299123569947397e-01
-4.616310965411119516e-01
-4.675185655984478439e-01
-4.490533217368033458e-01
-4.544055663343815055e-01
-4.538703418746236617e-01
-4.305880778751589033e-01
-4.412925670703151115e-01
-4.346022613233424536e-01
-4.351374857831002974e-01
-4.169398541513347212e-01
-4.014183448183581970e-01
-4.097143239446042751e-01
-4.145313440824245910e-01
-3.845587743359871746e-01
-4.051649160366628810e-01
-3.786713052786512268e-01
-3.789389175085301487e-01
-3.647554693249481228e-01
-3.920519167725964871e-01
-3.701077139225262824e-01
-3.535157556700341264e-01
-3.655583060145848884e-01
-3.695724894627684387e-01
-3.399024650945287052e-01
-3.219987975148640436e-01
-3.578061326741933112e-01
-3.388335894181307983e-01
-3.345580867125392266e-01
-3.260070813013561386e-01
-3.278776137350524200e-01
-3.209299218384661367e-01
-3.011557218251051937e-01
-3.067673191261941490e-01
-3.038279110160999608e-01
-3.260070813013561386e-01
-2.955441245240162940e-01
-2.947424677667178639e-01
-2.738993920769590695e-01
-2.918030596566236756e-01
-2.642795109893780747e-01
-2.797782082971474460e-01
-2.610728839601843543e-01
-2.680205758567706376e-01
-2.474447190861112922e-01
-2.511857839535038828e-01
-2.586679136882891195e-01
-2.575990380118912682e-01
-2.311443650210434908e-01
-2.372904001603313440e-01
-2.656156055848754027e-01
-2.613401028792838310e-01
-2.431692163805197482e-01
-2.324804596165408466e-01
-2.228605785289598518e-01
-2.012158460819025996e-01
-2.188522947424677567e-01
-2.020175028392010019e-01
-2.070946623020909760e-01
-2.028191595964994320e-01
-1.918631839134210815e-01
-2.036208163537978622e-01
-1.851827109359342749e-01
-2.054913487874941436e-01
-1.934664974280179139e-01
-1.862515866123321540e-01
-1.881221190460284631e-01
-1.611330082169817601e-01
-1.723562028191595874e-01
-1.557886298349923093e-01
-1.464359676665107912e-01
-1.734250784955574942e-01
-1.614002271360812368e-01
-1.696840136281648759e-01
-1.456343109092123611e-01
-1.418932460418197705e-01
-1.723562028191595874e-01
-1.394882757699245079e-01
-1.186452000801656720e-01
-1.362816487407308430e-01
-1.183779811610662092e-01
-1.493753757766049794e-01
-1.170418865655688395e-01
-1.231879217048567066e-01
-1.135680406172756979e-01
-1.010087514196005010e-01
-1.074220054779878447e-01
-1.392210568508250312e-01
-1.365488676598303197e-01
-1.039481595296947031e-01
-1.122319460217783421e-01
-9.700046763310841980e-02
-1.028792838532968101e-01
-8.203620816353797418e-02
-1.087581000734852005e-01
-1.095597568307836167e-01
-9.673324871400895697e-02
-6.279644598837597069e-02
-9.486271628031264780e-02
-4.970271895250183425e-02
-7.241632707595697938e-02
-1.007415325005010381e-01
-8.363952167813480665e-02
-6.359810274567438693e-02
-6.439975950297281704e-02
-6.199478923107756140e-02
-5.718484868728705706e-02
-5.397822165809339212e-02
-8.497561627363217629e-02
-6.092591355467966846e-02
-7.669182978154853725e-02
-6.920970004676331444e-02
-5.317656490079497589e-02
-7.134745139955908644e-02
-4.061727570311977897e-02
-6.039147571648072893e-02
-4.809940543790500178e-02
-3.500567840203086534e-02
-5.771928652548600353e-02
-3.554011624022980487e-02
-2.832520542454405876e-02
-3.714342975482664427e-02
-4.035005678402030921e-02
-4.382390273231345085e-02
