9.340941869944190401e-01
9.019878347024519183e-01
9.225559666394933522e-01
9.225559666394933522e-01
9.172885182165924078e-01
9.027403273342948786e-01
9.215526431303693311e-01
9.218034740076503919e-01
9.182918417257164290e-01
8.999811876842038760e-01
8.957170627704270638e-01
8.934595848748980718e-01
8.621057252147739103e-01
8.824230262745343945e-01
8.631090487238979314e-01
8.616040634602118997e-01
8.565874459145921271e-01
8.400326080140465557e-01
8.425409167868564975e-01
8.289960494136828784e-01
8.289960494136828784e-01
8.009029911582116190e-01
7.996488367718066481e-01
7.923747413306577725e-01
7.587634037750047300e-01
7.670408227252775157e-01
7.534959553521038966e-01
7.733115946573022592e-01
7.279112058694425791e-01
7.101022135824920367e-01
7.008214711230952298e-01
6.754875525177149731e-01
6.694676114629710684e-01
6.604376998808553223e-01
6.361071047845989757e-01
6.172947889885245232e-01
5.984824731924499597e-01
5.907067159967391845e-01
5.766601868690035548e-01
5.601053489684579834e-01
5.387847243995735891e-01
5.335172759766727557e-01
5.111933278986643403e-01
4.986517840346146868e-01
4.755753433247632556e-01
4.748228506929202952e-01
4.595221671787796947e-01
4.294224619050605041e-01
4.249075061140026310e-01
4.086034990907380648e-01
3.722330218849940198e-01
3.692230513576221229e-01
3.245751552016052921e-01
3.233210008152003767e-01
3.055120085282498343e-01
2.861980309776133713e-01
2.593591271085470829e-01
2.385401642942246159e-01
2.222361572709600497e-01
2.019188562111995933e-01
1.888756505925879570e-01
1.515018498777199463e-01
1.567692983006208074e-01
1.349470119771744026e-01
1.151313726719759151e-01
9.782404213958738326e-02
8.929579231203360612e-02
6.521602809305825088e-02
3.185552141468615123e-02
1.504985263685959702e-03
-8.779080704834765075e-03
-2.759139650090926266e-03
-7.023264563867812234e-03
-5.217282247444660764e-02
-6.546685897033924229e-02
-9.330908634852951022e-02
-9.882736564871136276e-02
-1.073556154762651260e-01
-1.605317614598356923e-01
-1.429736000501661830e-01
-1.763341067285382757e-01
-2.059321502476954835e-01
-2.139587383206872639e-01
-2.104471060387533843e-01
-2.377876716623816278e-01
-2.362826863986956794e-01
-2.766664576409356147e-01
-2.686398695679438342e-01
-2.771681193954975697e-01
-2.824355678183984586e-01
-2.972345895779770486e-01
-3.135385966012416148e-01
-3.358625446792500302e-01
-3.383708534520599720e-01
-3.466482724023327022e-01
-3.629522794255972684e-01
-3.639556029347212895e-01
-3.780021320624568637e-01
-3.870320436445726653e-01
-4.161284254091678902e-01
-4.788185970840372896e-01
-4.980914836368187104e-01
-4.930855390776547331e-01
-4.935861335335711142e-01
-5.091045616669795937e-01
-5.121081284024779912e-01
-5.258744759401789981e-01
-5.388899317940053502e-01
-5.428946874413366208e-01
-5.443964708090858196e-01
-5.471497403166259987e-01
-5.564107377510794095e-01
-5.511544959639571584e-01
-5.629184656779926410e-01
-5.661723296414492568e-01
-5.626681684500344227e-01
-5.769351104436518662e-01
-5.499030098241661779e-01
-5.571616294349539533e-01
-5.784368938114010650e-01
-5.634190601339089666e-01
-5.554095488392466473e-01
-5.814404605468994625e-01
-5.624178712220762044e-01
-5.601651961704524618e-01
-5.519053876478318132e-01
-5.549089543833302107e-01
-5.571616294349539533e-01
-5.326325010950503369e-01
-5.113572367186033363e-01
-5.398911207058382233e-01
-5.196170452412239849e-01
-5.196170452412239849e-01
-5.156122895938927142e-01
-4.870784056066578827e-01
-5.116075339465615546e-01
-4.880795945184907003e-01
-4.800700832238282700e-01
-4.750641386646642927e-01
-4.743132469807896934e-01
-4.592954133032976505e-01
-4.475314435892622233e-01
-4.054815092922846032e-01
-3.937175395782491760e-01
-4.057318065202427659e-01
-3.696890056942619407e-01
-3.659345472748889438e-01
-3.484137413178148845e-01
-3.191289656467054536e-01
-3.266378824854514473e-01
-3.071146987047118637e-01
-3.151242099993742385e-01
-2.718227895626055823e-01
-2.690695200550654032e-01
-2.528002002377823798e-01
-2.440397972592453502e-01
-2.250172079344221199e-01
-2.092484825730555054e-01
-2.190100744634253249e-01
-1.742068706589074423e-01
-1.687003316438270561e-01
-1.294036668543895874e-01
-1.431700143920905943e-01
-9.611413553594894132e-02
-9.711532444778174511e-02
-1.161379137726049615e-01
-4.680558162818346940e-02
-3.003566735498404416e-02
7.258619610787810095e-03
1.001188911832801400e-03
2.978537012702584322e-02
4.580439271635066562e-02
8.134659908641511672e-02
6.682935986483949653e-02
7.033352105625430284e-02
1.196420749640197678e-01
1.349102058694700013e-01
1.611914148050810347e-01
1.799637069019460744e-01
1.729553845191164618e-01
1.917276766159814738e-01
2.162568049558851180e-01
2.365308804204993565e-01
2.558037669732807773e-01
2.833364620486827912e-01
3.108691571240848606e-01
3.098679682122520429e-01
2.971028095863838536e-01
3.203804517864964896e-01
3.724422752018021199e-01
3.649333583630561262e-01
4.104874538514485804e-01
4.179963706901946296e-01
4.267567736687316038e-01
4.362680683311432328e-01
4.495338214129278587e-01
4.903322695701144984e-01
4.833239471872848858e-01
5.086039672110631571e-01
5.143608034541017338e-01
