-9.740190880169671273e-01
-9.647401908801697124e-01
-9.655355249204665702e-01
-9.451219512195121464e-01
-9.392895015906680412e-01
-9.461823966065747715e-01
-9.255037115588546914e-01
-9.154294803817603077e-01
-9.019088016967126142e-01
-9.040296924708377535e-01
-9.095970307529162024e-01
-9.064156945917285491e-01
-8.971367974549310231e-01
-8.899787910922587475e-01
-8.889183457051962334e-01
-8.968716861081654779e-01
-8.761930010604453978e-01
-8.547189819724284598e-01
-8.677094379639448407e-01
-8.443796394485684198e-01
-8.653234358430540452e-01
-8.573700954400848007e-01
-8.385471898197243146e-01
-8.488865323435843546e-01
-8.369565217391304879e-01
-8.398727465535524850e-01
-8.409331919406151101e-01
-8.364262990455991753e-01
-8.343054082714740360e-01
-8.305938494167550701e-01
-8.297985153764581012e-01
-8.064687168610816803e-01
-8.128313891834570981e-01
-8.059384941675503677e-01
-8.001060445387062625e-01
-8.024920466595970581e-01
-7.932131495227995321e-01
-8.091198303287380211e-01
-8.001060445387062625e-01
-7.924178154825026743e-01
-7.770413573700953869e-01
-7.818133616118769780e-01
-7.857900318133616002e-01
-7.807529162248144639e-01
-7.725344644750795631e-01
-7.855249204665959439e-01
-7.759809119830328727e-01
-7.643160127253446623e-01
-7.579533404029692445e-01
-7.653764581124071764e-01
-7.518557794273594830e-01
-7.484093319194061733e-01
-7.439024390243902385e-01
-7.290562036055142636e-01
-7.261399787910922665e-01
-7.295864262990455762e-01
-7.295864262990455762e-01
-7.404559915164369288e-01
-7.256097560975609539e-01
-7.224284199363733006e-01
-7.107635206786850901e-01
-7.330328738069988859e-01
-7.044008483563096723e-01
-7.030752916224813909e-01
-7.115588547189819479e-01
-6.906150583244963226e-01
-6.823966065747614218e-01
-6.964475079533404278e-01
-6.709968186638388676e-01
-6.757688229056203477e-01
-6.723223753976670380e-01
-6.542948038176034098e-01
-6.672852598091197907e-01
-6.569459172852598616e-01
-6.532343584305407846e-01
-6.436903499469777135e-01
-6.214209968186638067e-01
-6.397136797454930912e-01
-6.264581124072110541e-01
-6.155885471898197014e-01
-6.132025450689289059e-01
-6.153234358430540452e-01
-6.041887592788971473e-01
-6.012725344644750392e-01
-6.015376458112406954e-01
-5.821845174973488968e-01
-5.975609756097560732e-01
-5.803287380699894138e-01
-5.628313891834570981e-01
-5.660127253446447515e-01
-5.694591728525980612e-01
-5.445387062566278136e-01
-5.644220572640509248e-01
-5.723753976670201693e-01
-5.522269353128314018e-01
-5.463944856839872966e-01
-5.490455991516436374e-01
-5.593849416755036774e-01
-5.453340402969246714e-01
-5.450689289501590151e-01
-5.056678820019887555e-01
-5.502154458070931398e-01
-5.093801789857473894e-01
-5.194564136559496337e-01
-5.069937023533310771e-01
-5.176002651640703167e-01
-5.138879681803115718e-01
-4.791514749751408786e-01
-4.998342724560821959e-01
-4.714617169373550021e-01
-4.709313887968180068e-01
-4.751740139211136915e-01
-4.934703347696386966e-01
-4.335432548889625592e-01
-4.566125290023201888e-01
-4.531653960888299415e-01
-4.372555518727212487e-01
-4.534305601590984391e-01
-4.391117003646006212e-01
-4.218760357971494956e-01
-4.327477626781571218e-01
-4.343387470997679967e-01
-4.112694729864103671e-01
-4.059661915810407473e-01
-4.094133244945309946e-01
-4.189592310241962436e-01
-3.977461054027179310e-01
-3.956247928405701164e-01
-4.072920119323831800e-01
-4.025190586675505555e-01
-3.746768312893603015e-01
-3.534637056678819889e-01
-3.773284719920450558e-01
-3.691083858137222395e-01
-3.874047066622472446e-01
-3.558501823002983011e-01
-3.550546900894928637e-01
-3.431223069274113580e-01
-3.566456745111037385e-01
-3.500165727543917971e-01
-3.521378853165396117e-01
-3.327809081869406715e-01
-3.295989393437189219e-01
-3.089161418627776046e-01
-3.431223069274113580e-01
-3.338415644680146066e-01
-3.293337752734504242e-01
-3.152800795492211039e-01
-3.158104076897580437e-01
-3.089161418627776046e-01
-2.961882664898906059e-01
-2.823997348359297277e-01
-2.821345707656612301e-01
-2.914153132250579814e-01
-2.691415313225057893e-01
-2.884985084521047294e-01
-2.800132582035134154e-01
-2.479284057010275044e-01
-2.580046403712297209e-01
-2.582698044414981631e-01
-2.527013589658601012e-01
-2.386476632416307531e-01
-2.402386476632416279e-01
-2.293669207822340017e-01
-2.511103745442492818e-01
-2.359960225389459709e-01
-2.407689758037785954e-01
-2.275107722903546570e-01
-2.275107722903546570e-01
-2.102751077229035592e-01
-2.272456082200861871e-01
-1.943652635067948387e-01
-2.179648657606894357e-01
-1.999337089824328728e-01
-1.967517401392111231e-01
-1.980775604905535281e-01
-2.113357640039774665e-01
-2.086841233012926844e-01
-2.047066622472654973e-01
-2.041763341067285298e-01
-1.909181305933046191e-01
-1.991382167716274354e-01
-1.800464037122969929e-01
-1.837587006960556824e-01
-1.890619821014252466e-01
-1.887968180311567767e-01
-1.848193569771295897e-01
-1.808418959231024303e-01
-1.649320517069937098e-01
-1.816373881339078677e-01
-1.593636062313556478e-01
-1.561816373881338982e-01
-1.588332780908186803e-01
-1.527345044746436786e-01
-1.529996685449121763e-01
-1.476963871395425842e-01
-1.551209811070599909e-01
-1.378853165396088931e-01
-1.654623798475306495e-01
-1.545906529665230233e-01
