1.082049845981517766e+00
1.046205544665359755e+00
9.823578829459534978e-01
9.585550266031923616e-01
9.789974796975636773e-01
1.021002520302436212e+00
1.042565107812937653e+00
1.012601512181461771e+00
9.837580509661159045e-01
9.602352282273872719e-01
9.862783534024083254e-01
1.034444133295995494e+00
1.045365443853262466e+00
1.026323158779053557e+00
9.756370764491738568e-01
9.588350602072248652e-01
1.001680201624194799e+00
1.012881545785494275e+00
1.038644637356482825e+00
9.946793615233827657e-01
9.756370764491738568e-01
9.641556986838420995e-01
9.812377485298235946e-01
1.024082889946793529e+00
1.032203864463735687e+00
1.007840940912909655e+00
9.817978157378886017e-01
9.731167740128815469e-01
1.002800336040324813e+00
1.008681041725006944e+00
1.011481377765331757e+00
9.955194623354802763e-01
9.753570428451414642e-01
9.742369084290114500e-01
1.005040604872584620e+00
1.025203024362923543e+00
1.015681881825819088e+00
9.971996639596751866e-01
9.610753290394847825e-01
9.655558667040045062e-01
9.955194623354802763e-01
1.023802856342761025e+00
1.014281713805656571e+00
9.983197983758050897e-01
9.683562027443293196e-01
9.943993279193503732e-01
9.966395967516101795e-01
1.013721646597591786e+00
1.008961075329039447e+00
9.719966395967516437e-01
9.767572108653038709e-01
9.747969756370764571e-01
9.910389246709605526e-01
1.010921310557266972e+00
1.010081209745169462e+00
9.817978157378886017e-01
9.784374124894987812e-01
9.907588910669280491e-01
9.957994959395127799e-01
1.014281713805656571e+00
9.915989918790254487e-01
9.885186222346681317e-01
9.803976477177260840e-01
9.717166059927191402e-01
1.005040604872584620e+00
1.006720806496779641e+00
9.969196303556426830e-01
9.913189582749929452e-01
9.714365723886866366e-01
9.795575469056286844e-01
1.000560067208065007e+00
9.994399327919349929e-01
1.000280033604032504e+00
9.812377485298235946e-01
9.820778493419209942e-01
1.005880705684682130e+00
1.009241108933071951e+00
9.885186222346681317e-01
9.845981517782134151e-01
9.658359003080370098e-01
9.820778493419209942e-01
9.787174460935311737e-01
1.008961075329039447e+00
1.012321478577429268e+00
9.901988238588630420e-01
9.938392607112853661e-01
9.672360683281994165e-01
9.924390926911229593e-01
1.018202184262111398e+00
9.997199663959674965e-01
9.988798655838700968e-01
9.801176141136936915e-01
9.851582189862783112e-01
9.991598991879026004e-01
1.004200504060487331e+00
9.868384206104732215e-01
9.812377485298235946e-01
9.848781853822459187e-01
9.806776813217585875e-01
9.991598991879026004e-01
9.458179222633184002e-01
9.497112452144571559e-01
9.203815456492115965e-01
9.408863798585426208e-01
9.497112452144571559e-01
9.497112452144571559e-01
9.432223736292258964e-01
9.437414833560443528e-01
9.180455518785283209e-01
9.289468561417169035e-01
9.512685743949127470e-01
9.668418661994678809e-01
9.468561417169554240e-01
9.401077152683148253e-01
9.297255207319446990e-01
9.302446304587632664e-01
9.502303549412757233e-01
9.562001167996885265e-01
9.447797028096813765e-01
9.362143923171760695e-01
9.242748686003503522e-01
9.302446304587632664e-01
9.478943611705924477e-01
9.468561417169554240e-01
9.315424047758095183e-01
9.224579845564856440e-01
9.206411005126208247e-01
9.175264421517098645e-01
9.478943611705924477e-01
9.624294335215105578e-01
9.452988125364999439e-01
9.242748686003503522e-01
9.170073324248912972e-01
9.452988125364999439e-01
9.455583673999091721e-01
9.458179222633184002e-01
9.273895269612614234e-01
9.242748686003503522e-01
9.138926740639802260e-01
9.328401790928557702e-01
9.543832327558237072e-01
9.471156965803646521e-01
9.382908312244501170e-01
9.120757900201155177e-01
9.159691129712542734e-01
9.346570631367204784e-01
9.549023424826422746e-01
9.416650444487703053e-01
9.388099409512685734e-01
9.209006553760300529e-01
9.177859970151190927e-01
9.307637401855817227e-01
9.445201479462721483e-01
9.491921354876386996e-01
9.312828499124001791e-01
9.162286678346635016e-01
9.196028810589838010e-01
9.455583673999091721e-01
9.458179222633184002e-01
9.445201479462721483e-01
9.149308935176172497e-01
9.193433261955745728e-01
9.131140094737525414e-01
9.333592888196742265e-01
9.569787813899163220e-01
9.476348063071832195e-01
9.318019596392187465e-01
9.133735643371617696e-01
9.216793199662578484e-01
9.408863798585426208e-01
9.512685743949127470e-01
9.401077152683148253e-01
9.170073324248912972e-01
9.006553760301083678e-01
9.097397962494322421e-01
9.375121666342223214e-01
9.520472389851404316e-01
9.375121666342223214e-01
9.092206865226136747e-01
9.037700343910194389e-01
9.074038024787489665e-01
9.424437090389981009e-01
9.510090195315035189e-01
9.416650444487703053e-01
9.138926740639802260e-01
9.084420219323859902e-01
9.162286678346635016e-01
9.460774771267276284e-01
9.582765557069625739e-01
9.486730257608202432e-01
9.133735643371617696e-01
8.946856141716955646e-01
9.151904483810265889e-01
9.403672701317240534e-01
9.528259035753682271e-01
9.356952825903575022e-01
9.151904483810265889e-01
9.097397962494322421e-01
9.079229122055674228e-01
9.460774771267276284e-01
