-9.342755299856169149e-01
-9.327746857607404074e-01
-9.102620223875930172e-01
-9.240197611156275581e-01
-9.090113188668625943e-01
-9.060096304171095793e-01
-9.127634294290538630e-01
-8.965042836595584763e-01
-9.047589268963792675e-01
-9.052592083046713256e-01
-8.887499218310299653e-01
-8.867487961978612887e-01
-8.797448564817710315e-01
-8.947532987305358843e-01
-8.784941529610406086e-01
-8.674879619786129981e-01
-8.604840222625226298e-01
-8.597336001500843761e-01
-8.584828966293540642e-01
-8.267150272028015445e-01
-8.094553186167219305e-01
-8.304671377649928132e-01
-8.222124945281721331e-01
-8.104558814333062688e-01
-7.894440622850353861e-01
-7.854418110186980329e-01
-7.851916703145519483e-01
-7.556750672253141898e-01
-7.536739415921456242e-01
-7.324119817397285459e-01
-7.354136701894815609e-01
-7.046463635795134905e-01
-6.813832780939278466e-01
-6.676255393658933057e-01
-6.618723031705334714e-01
-6.631230066912637833e-01
-6.546182227502970186e-01
-6.301044337439809517e-01
-6.148458507910700144e-01
-6.155962729035082681e-01
-5.818272778437871828e-01
-5.650678506659996270e-01
-5.448064536301669980e-01
-5.645675692577074578e-01
-5.192921018072665928e-01
-5.290475892689637805e-01
-5.035332374460633753e-01
-5.015321118128946987e-01
-4.580076292914764813e-01
-4.542555187292852126e-01
-4.307422925395534841e-01
-4.127321618410355608e-01
-3.889687949471578032e-01
-3.877180914264273803e-01
-3.594521918579201003e-01
-3.379400913013569929e-01
-3.169282721530861102e-01
-3.206803827152773234e-01
-2.836595585016571941e-01
-2.568945031580263660e-01
-2.571446438621724506e-01
-2.433869051341379652e-01
-2.321305734475642424e-01
-1.988618597961353263e-01
-1.483334375586267406e-01
-1.665937089612907207e-01
-1.430804827715589922e-01
-1.390782315052216944e-01
-1.085610655993996670e-01
-1.033081108123319325e-01
-8.129572884747671146e-02
-6.228503533237446377e-02
-4.527546745044087190e-02
-2.301294478143955935e-02
-3.401913576386717680e-02
1.175661309486586252e-02
1.700956788193358840e-02
1.300731661559627328e-02
3.201801013069852098e-02
6.553686448627353556e-02
7.103995997748734081e-02
1.050590957413545107e-01
1.153148646113438813e-01
1.375773872803451869e-01
1.438309048839972459e-01
1.343255581264461151e-01
1.333249953098618046e-01
1.750984929022575132e-01
1.908573572634607030e-01
1.941091864173597747e-01
2.031142517666187364e-01
2.243762116190357037e-01
2.331311362641485807e-01
2.563942217497342524e-01
2.503908448502282780e-01
2.646488649865549325e-01
2.824088549809267712e-01
2.756550559689825430e-01
2.959164530048152275e-01
2.909136389218935914e-01
3.379893517068587316e-01
3.703100532414657087e-01
3.690573128719072948e-01
3.715627936110241225e-01
3.886000626370184619e-01
3.848418415283432759e-01
3.946132164108988594e-01
4.111493892890698554e-01
4.101471969934231132e-01
4.134043219542749559e-01
4.058878797369245284e-01
4.254306295020356954e-01
4.389602254932665204e-01
4.236767929846539382e-01
4.186658315064202829e-01
4.377074851237081066e-01
4.399624177889132626e-01
4.577513310366426724e-01
4.805512057626056821e-01
4.524898214844973454e-01
4.627622925148762723e-01
4.602568117757595001e-01
4.672721578452865843e-01
4.707798308800500986e-01
4.334481678672095217e-01
4.637644848105230144e-01
4.507359849671155883e-01
4.484810523019104322e-01
4.467272157845286751e-01
4.377074851237081066e-01
4.321954274976511079e-01
4.512370811149389316e-01
4.477294080801753617e-01
4.392107735671781921e-01
4.341998120889445922e-01
4.279361102411525231e-01
4.246789852803006804e-01
3.893517068587535324e-01
3.868462261196367047e-01
3.983714375195740454e-01
3.715627936110241225e-01
3.803319761979329638e-01
3.570310053241465553e-01
3.329783902286251318e-01
3.389915440025054738e-01
3.532727842154713693e-01
3.259630441590980476e-01
3.337300344503601468e-01
3.084246789852803095e-01
3.121829000939555510e-01
2.971500156592546404e-01
2.763545255245850041e-01
2.645787660507359917e-01
2.462887566551832108e-01
2.625743814594425074e-01
2.345129971813341707e-01
2.282492953335421293e-01
2.242405261509552161e-01
2.132164108988412188e-01
1.606013153773880320e-01
1.884121515815847248e-01
1.733792671468838142e-01
1.483244597557156208e-01
1.292828061384277971e-01
1.160037582211086715e-01
1.300344503601628676e-01
9.771374882555590446e-02
8.418415283432507945e-02
5.687441277795177164e-02
6.915126839962418281e-02
3.006576886940181756e-02
2.405261509552145474e-02
1.453178828687754463e-02
2.505480739116818130e-03
-2.054494206075790919e-02
-4.685248982148449565e-02
-3.156905731287190653e-02
-1.979329783902286297e-02
-6.038208581271531372e-02
-7.165674913874099661e-02
-8.543689320388349329e-02
-1.217663639210773557e-01
-1.212652677732539985e-01
-1.312871907297212537e-01
-1.475728155339805781e-01
-1.781396805512057702e-01
-1.598496711556529892e-01
-1.673661133730034445e-01
-1.881616035076730253e-01
-2.097087378640776767e-01
-2.059505167554024352e-01
-2.392734105856561266e-01
-2.520513623551519089e-01
-2.600689007203257352e-01
-2.555590353899154232e-01
-3.111807077983088088e-01
-3.006576886940181548e-01
-2.858753523332289159e-01
-3.292201691199498903e-01
-3.217037269025994628e-01
