-9.968082494475816180e-01
1.000736557819788874e+00
9.977903265406334876e-01
1.000982077093051759e+00
1.001227596366314865e+00
1.000491038546525990e+00
9.975448072673704925e-01
9.985268843604222511e-01
9.968082494475816180e-01
9.980358458138963718e-01
9.995089614534741207e-01
9.987724036336852462e-01
9.972992879941074973e-01
9.975448072673704925e-01
9.980358458138963718e-01
9.936164988951632360e-01
9.945985759882151056e-01
1.000000000000000000e+00
9.990179229069482414e-01
9.995089614534741207e-01
