-1.042429342871169062e+00
-1.014376884774528476e+00
-1.003436426116838476e+00
-1.004558524440704037e+00
-9.809944596395259175e-01
-9.801528858966267466e-01
-9.636019356196087182e-01
-9.767865909250298406e-01
-9.347079037800687384e-01
-9.386352479135984250e-01
-9.167543305982186475e-01
-9.046917736166631974e-01
-8.842134792061154824e-01
-8.875797741777122773e-01
-8.867382004348131064e-01
-8.365243004418262407e-01
-8.351216775369941780e-01
-8.354022021179605684e-01
-8.056665965355214176e-01
-7.994950557542604974e-01
-7.863104004488393750e-01
-7.756504663721158765e-01
-7.509643032470719737e-01
-7.405848937513149766e-01
-7.119713864927413871e-01
-6.886878462725296579e-01
-6.875657479486639856e-01
-6.850410267199663616e-01
-6.841994529770670797e-01
-6.620380110807209117e-01
-6.300582088505505274e-01
-6.247282418121887781e-01
-6.081772915351707498e-01
-6.081772915351707498e-01
-5.832106038291605676e-01
-5.683428010379409923e-01
-5.551581457325197588e-01
-5.593660144470159468e-01
-5.523528999228557446e-01
-5.397292937793674028e-01
-4.976506066344063561e-01
-5.349603759029385452e-01
-5.192509993688196879e-01
-5.083105407111297991e-01
-4.982116557963391368e-01
-4.942843116628094502e-01
-4.760502138999929689e-01
-4.752086401570937424e-01
-4.662318535661687524e-01
-4.617434602707062297e-01
-4.572550669752437069e-01
-4.586576898800757141e-01
-4.474367066414194349e-01
-4.740865418332281256e-01
-4.597797882039413864e-01
-4.398625429553264521e-01
-4.477172312223858808e-01
-4.381793954695279991e-01
-4.530471982607475745e-01
-4.334104775930990860e-01
-4.474367066414194349e-01
-4.437898870888561387e-01
-4.336910021740654764e-01
-4.219089697734764166e-01
-4.272389368118381103e-01
-4.370572971456623823e-01
-4.104074619538536917e-01
-4.516445753559155674e-01
-4.219089697734764166e-01
-4.297636580405357898e-01
-4.275194613928045562e-01
-4.409846412791920689e-01
-4.465951328985202085e-01
-4.468756574794866543e-01
-4.370572971456623823e-01
-4.345325759169647029e-01
-4.381793954695279991e-01
-4.317273301073006331e-01
-4.432288379269233580e-01
-4.235921172592748696e-01
-4.311662809453678524e-01
-4.188231993828459010e-01
-4.162984781541482771e-01
-4.465951328985202085e-01
-4.112490356967529181e-01
-4.036748720106599353e-01
-4.129321831825513711e-01
-4.115295602777193085e-01
-3.932954625149028827e-01
-4.177011010589802842e-01
-4.073216915632232316e-01
-3.845992005049442275e-01
-3.913317904481380394e-01
-3.742197910091871749e-01
-3.756224139140192375e-01
-3.629988077705308958e-01
-3.627182831895645054e-01
-3.652430044182621294e-01
-3.531804474367066238e-01
-3.599130373799004357e-01
-3.670359223922648462e-01
-3.811231350451431132e-01
-3.865018889671512081e-01
-3.629378241659729776e-01
-3.562784145482487119e-01
-3.524364474611000886e-01
-3.421912018953704449e-01
-3.388614970865083120e-01
-3.240058910162003092e-01
-3.217007107639111019e-01
-3.275917269642056873e-01
-3.265672024076327062e-01
-3.137606454504706655e-01
-3.017224819107383049e-01
-2.848178267272843955e-01
-2.850739578664275853e-01
-2.881475315361465284e-01
-2.827687776141384335e-01
-2.932701543190113225e-01
-2.558750080040981256e-01
-2.463981558557981622e-01
-2.423000576295062936e-01
-2.461420247166549169e-01
-2.656079912915412788e-01
-2.407632707946468498e-01
-2.407632707946468498e-01
-2.538259588909521636e-01
-2.382019594032144527e-01
-2.159185502977524485e-01
-2.392264839597874060e-01
-2.428123199077927841e-01
-2.097714029583146456e-01
-1.882563872702823771e-01
-1.933790100531471989e-01
-2.038803867580201157e-01
-2.013190753665876909e-01
-2.113081897931741171e-01
-1.908176986617148019e-01
-1.782672728436959786e-01
-1.846705513222769990e-01
-1.964525837228661143e-01
-1.844144201831337537e-01
-1.915860920791445099e-01
-1.839021579048472910e-01
-1.798040596785554224e-01
-1.718639943651149304e-01
-1.611064865210987962e-01
-1.736569123391176195e-01
-1.600819619645258429e-01
-1.303707498239098372e-01
-1.518857655119421057e-01
-1.590574374079528619e-01
-1.703272075302554867e-01
-1.526541589293718415e-01
-1.588013062688096444e-01
-1.357495037459179044e-01
-1.288339629890503935e-01
-1.654607158865339100e-01
-1.572645194339501729e-01
-1.152590126144586030e-01
-1.334443234936287248e-01
-1.365178971633476401e-01
-1.029647179355830250e-01
-1.101363898315937812e-01
-1.142344880578856359e-01
-9.400012806556956590e-02
-1.226868156496126044e-01
-1.021963245181532892e-01
-1.211500288147531468e-01
-1.162835371710315702e-01
-1.101363898315937812e-01
-7.632707946468592075e-02
-1.155151437536018483e-01
-9.758596401357494399e-02
-9.323173464813984401e-02
-1.001472754050073688e-01
-1.106486521098802578e-01
-8.734071844784530025e-02
-1.106486521098802578e-01
-1.083434718575910921e-01
-9.143881667413715497e-02
-1.224306845104693592e-01
-9.271947236985336738e-02
-9.092655439585067834e-02
-6.889927642953191933e-02
-7.965678427354805358e-02
-8.631619389127233311e-02
-6.864314529038867407e-02
-7.479029262982647697e-02
-8.273035794326695502e-02
-8.375488249983992217e-02
-7.453416149068323171e-02
-6.556957162066978650e-02
-8.401101363898315355e-02
-6.710635845552923029e-02
-2.561311391432413362e-02
-5.558045719408337415e-02
-2.817442530575654802e-02
-5.762950630722930151e-02
-5.839789972465902340e-02
