1.087090450854102386e+00
1.060767292075049051e+00
1.055446653598431705e+00
1.056846821618594223e+00
1.038924670960515328e+00
1.058527023242789245e+00
1.042285074208905149e+00
1.054046485578269410e+00
1.043685242229067445e+00
1.044805376645197459e+00
1.043405208625034941e+00
1.023522822738728744e+00
1.062727527303276354e+00
1.049565947913749575e+00
1.047885746289554776e+00
1.043685242229067445e+00
1.042845141416969934e+00
1.039764771772612617e+00
1.032763931671800695e+00
1.034444133295995494e+00
1.049565947913749575e+00
1.024922990758891039e+00
1.026323158779053557e+00
1.039764771772612617e+00
1.025763091570988550e+00
1.036684402128255300e+00
1.042845141416969934e+00
1.037804536544385314e+00
1.036684402128255300e+00
1.036684402128255300e+00
1.049005880705684790e+00
1.044245309437132452e+00
1.031643797255670680e+00
1.029403528423410874e+00
1.028003360403248356e+00
1.041725007000840142e+00
1.037804536544385314e+00
1.026883225987118564e+00
1.041725007000840142e+00
1.023242789134696240e+00
1.036404368524222797e+00
1.027163259591150846e+00
1.034164099691962990e+00
1.039484738168580336e+00
1.035284234108093004e+00
1.019322318678241412e+00
1.038084570148417818e+00
1.035564267712125508e+00
1.026323158779053557e+00
1.023242789134696240e+00
1.034164099691962990e+00
1.040884906188742631e+00
1.035004200504060501e+00
1.040604872584710128e+00
1.028283394007280860e+00
1.038084570148417818e+00
1.034164099691962990e+00
1.037524502940352811e+00
1.018482217866143902e+00
1.025763091570988550e+00
1.036404368524222797e+00
1.029123494819378370e+00
1.028003360403248356e+00
1.034724166900027997e+00
1.042005040604872645e+00
1.026043125175021054e+00
1.021842621114533722e+00
1.038644637356482825e+00
1.036684402128255300e+00
1.033323998879865480e+00
1.027443293195183349e+00
1.029403528423410874e+00
1.032763931671800695e+00
1.033043965275833198e+00
1.038644637356482825e+00
1.027163259591150846e+00
1.027163259591150846e+00
1.027443293195183349e+00
1.017362083450014110e+00
1.035284234108093004e+00
1.027163259591150846e+00
1.033043965275833198e+00
1.019322318678241412e+00
1.035284234108093004e+00
1.031923830859703184e+00
1.012881545785494275e+00
1.025203024362923543e+00
1.033884066087930487e+00
1.023522822738728744e+00
1.027163259591150846e+00
1.027723326799215853e+00
1.025483057966956046e+00
1.035564267712125508e+00
1.029123494819378370e+00
1.026603192383086061e+00
1.037244469336320307e+00
1.028003360403248356e+00
1.030803696443573170e+00
1.023242789134696240e+00
1.027723326799215853e+00
9.761858412822009834e-01
9.787813899162935982e-01
9.655440918824216290e-01
9.730711829212900232e-01
9.767049510090195508e-01
9.738498475115177078e-01
9.699565245603789521e-01
9.824151580040231257e-01
9.720329634676529995e-01
9.722925183310622277e-01
9.717734086042437713e-01
9.795600545065212827e-01
9.707351891506067476e-01
9.751476218285639597e-01
9.756667315553825270e-01
9.715138537408344321e-01
9.707351891506067476e-01
9.751476218285639597e-01
9.769645058724287789e-01
9.728116280578806840e-01
9.811173836869768738e-01
9.805982739601583065e-01
9.831938225942508103e-01
9.782622801894750308e-01
9.645058724287846053e-01
9.738498475115177078e-01
9.634676529751475815e-01
9.676205307896956764e-01
9.782622801894750308e-01
9.720329634676529995e-01
9.686587502433327002e-01
9.613912140678736451e-01
9.751476218285639597e-01
9.671014210628772201e-01
9.606125494776458495e-01
9.798196093699306219e-01
9.704756342871974084e-01
9.702160794237881802e-01
9.673609759262864483e-01
9.722925183310622277e-01
9.761858412822009834e-01
9.694374148335604957e-01
9.764453961456103226e-01
9.813769385503861020e-01
9.741094023749270470e-01
9.725520731944714559e-01
9.735902926481084796e-01
9.730711829212900232e-01
9.748880669651547315e-01
9.673609759262864483e-01
9.665823113360586527e-01
9.658036467458308572e-01
9.647654272921938334e-01
9.754071766919732989e-01
9.585361105703718021e-01
9.691778599701511565e-01
9.689183051067419283e-01
9.707351891506067476e-01
9.691778599701511565e-01
9.647654272921938334e-01
9.611316592044643059e-01
9.709947440140159758e-01
9.660632016092401964e-01
9.632080981117383534e-01
9.730711829212900232e-01
9.658036467458308572e-01
9.624294335215105578e-01
9.629485432483291252e-01
9.712542988774252040e-01
9.774836155992473463e-01
9.556810070728700701e-01
9.722925183310622277e-01
9.582765557069625739e-01
9.689183051067419283e-01
9.608721043410550777e-01
9.639867627019661489e-01
9.668418661994678809e-01
9.598338848874180540e-01
9.556810070728700701e-01
9.655440918824216290e-01
9.686587502433327002e-01
9.707351891506067476e-01
9.652845370190124008e-01
9.676205307896956764e-01
9.676205307896956764e-01
9.691778599701511565e-01
9.689183051067419283e-01
9.691778599701511565e-01
9.621698786581013296e-01
9.678800856531049046e-01
9.696969696969697239e-01
9.704756342871974084e-01
9.603529946142366214e-01
9.647654272921938334e-01
9.658036467458308572e-01
9.683991953799234720e-01
9.663227564726494245e-01
9.634676529751475815e-01
9.603529946142366214e-01
9.663227564726494245e-01
