-1.023353671365453410e+00
-1.009046917736166726e+00
-9.650045585244406698e-01
-8.732730205484255936e-01
-8.390490216705238646e-01
-7.885545970965706086e-01
-7.849077775440073124e-01
-8.233396451364051183e-01
-8.606494144049372519e-01
-8.929097412160740266e-01
-8.878602987586787787e-01
-8.499894803282137534e-01
-7.675152535240900020e-01
-7.296444350936250878e-01
-7.072024686163125295e-01
-7.344133529700540564e-01
-7.722841714005189706e-01
-8.132407602216144005e-01
-8.713093484816607504e-01
-8.572831194333403459e-01
-8.278280384318675855e-01
-7.428290903990462102e-01
-6.771863384529069885e-01
-6.743810926432428632e-01
-6.395960446034083535e-01
-6.923346658250929542e-01
-7.220702714075321049e-01
-7.478785328564415691e-01
-7.504032540851391930e-01
-7.175818781120695267e-01
-6.724174205764780199e-01
-6.095799144400028124e-01
-5.916263412581527215e-01
-5.924679150010520035e-01
-6.280945367837856841e-01
-7.049582719685812959e-01
-6.948593870537905781e-01
-7.318886317413563214e-01
-6.962620099586226408e-01
-6.384739462795427922e-01
-5.646959814853776960e-01
-5.534749982467214169e-01
-5.540360474086541975e-01
-5.708675222666386162e-01
-6.048109965635738439e-01
-6.525001753278630856e-01
-6.600743390139560685e-01
-6.362297496318114476e-01
-5.531944736657549155e-01
-5.175678518830212349e-01
-4.875517217196156938e-01
-5.046637211585665028e-01
-5.122378848446594857e-01
-5.809664071814292230e-01
-6.208008976786590916e-01
-6.182761764499614676e-01
-6.078967669542043595e-01
-5.453397853986955424e-01
-5.038221474156673318e-01
-4.914790658531453804e-01
-4.642681814994039091e-01
-4.965285083105406838e-01
-4.962479837295742935e-01
-5.700259485237394452e-01
-5.495476541131916193e-01
-5.400098183603337931e-01
-4.993337541202048091e-01
-4.695981485377656028e-01
-4.182621502209131203e-01
-4.087243144680552387e-01
-4.451925099936882013e-01
-4.648292306613366898e-01
-4.970895574724735200e-01
-5.265446384739462804e-01
-5.217757205975173118e-01
-4.872711971386492480e-01
-4.395820183743600618e-01
-4.106879865348201375e-01
-4.182621502209131203e-01
-4.421067396030577412e-01
-4.348131004979311487e-01
-4.614629356897398393e-01
-4.457535591556210375e-01
-4.878322463005820842e-01
-4.196647731257451275e-01
-4.042359211725927715e-01
-3.456062837506136409e-01
-3.523388736938073973e-01
-3.638403815134301222e-01
-3.686092993898590353e-01
-4.345325759169647029e-01
-4.460340837365874278e-01
-4.566940178133108708e-01
-4.137737569254505976e-01
-3.961007083245669524e-01
-3.655235289992285752e-01
-3.371905463216214316e-01
-3.256890385019987622e-01
-3.747808401711200110e-01
-3.916123150291044297e-01
-4.346545431260805392e-01
-4.236409041429211597e-01
-3.995645770634564942e-01
-3.588397259396811090e-01
-3.309214317730678201e-01
-3.142729077287571005e-01
-3.314336940513543106e-01
-3.409105461996542186e-01
-3.829160530191458300e-01
-3.980277902285970226e-01
-3.982839213677402679e-01
-3.936735608631619643e-01
-3.575590702439648827e-01
-3.083818915284625706e-01
-2.978805148235896816e-01
-2.953192034321572845e-01
-3.327143497470704814e-01
-3.483383492348082200e-01
-3.882948069411538694e-01
-3.713901517576999600e-01
-3.383492348082218215e-01
-3.124799897547544392e-01
-2.948069411538707940e-01
-2.784145482487033196e-01
-2.937824165972978130e-01
-3.014663507715950597e-01
-3.119677274764679487e-01
-3.345072677210731982e-01
-3.498751360696676915e-01
-3.114554651981814581e-01
-3.060767112761734188e-01
-2.497278606646602950e-01
-2.128449766280335609e-01
-2.366651725683550089e-01
-2.522891720560926920e-01
-2.884036626752897736e-01
-2.894281872318626991e-01
-2.925017609015815867e-01
-2.896843183710059444e-01
-2.776461548312736394e-01
-2.522891720560926920e-01
-2.302618940897739608e-01
-1.905615675225715566e-01
-2.325670743420631403e-01
-2.630466799001088818e-01
-2.702183517961196380e-01
-2.738041877441250160e-01
-2.679131715438304306e-01
-2.438368444643657651e-01
-2.218095664980470061e-01
-1.941474034705769347e-01
-1.774988794262662428e-01
-2.202727796631875623e-01
-2.266760581417685827e-01
-2.177114682717551375e-01
-2.656079912915412788e-01
-2.694499583786899022e-01
-2.469104181340846527e-01
-2.174553371326118922e-01
-1.856950758788499800e-01
-1.693026829736825334e-01
-1.480437984247934824e-01
-1.582890439905231539e-01
-2.084907472625984470e-01
-2.289812383940577623e-01
-2.358967791509252732e-01
-2.064416981494525127e-01
-1.995261573925850018e-01
-1.575206505730934181e-01
-1.480437984247934824e-01
-1.593135685470961072e-01
-1.572645194339501729e-01
-1.772427482871229976e-01
-2.038803867580201157e-01
-2.143817634628930047e-01
-1.803163219568419129e-01
-1.815969776525581114e-01
-1.659729781648204006e-01
-1.247358647627585387e-01
-1.313952743804828183e-01
-1.516296343727988605e-01
-1.447140936159313496e-01
-2.072100915668822485e-01
-1.682781584171095524e-01
-1.872318627137094238e-01
-1.654607158865339100e-01
-1.308830121021963278e-01
-1.144906191970288811e-01
-1.165396683101748154e-01
-1.313952743804828183e-01
-1.426650445027854153e-01
-1.787795351219824413e-01
-1.580329128513799086e-01
-1.790356662611256866e-01
-1.313952743804828183e-01
-1.160274060318883249e-01
-7.197285009925082078e-02
-6.710635845552923029e-02
-1.308830121021963278e-01
-1.075750784401613563e-01
