-1.000000000000000000e+00
-9.780300256316367680e-01
-9.216404247528378058e-01
-8.369339680214817889e-01
-7.139021115586475785e-01
-6.023434639326253892e-01
-4.993286952276333457e-01
-4.046136946173563009e-01
-3.269864518491394922e-01
-2.923227145123886150e-01
-2.972049310386915555e-01
-3.367508849017453731e-01
-4.033931404857805658e-01
-4.758940559013792315e-01
-5.581594043695837781e-01
-6.914439155376540525e-01
-7.995850115952642945e-01
-9.008910045160503088e-01
-9.643598193579885347e-01
-9.853533504210911786e-01
-9.782741364579519150e-01
-9.365311851580617741e-01
-8.513365067740754633e-01
-7.551568412059075364e-01
-6.279751006957158266e-01
-5.242279995117783420e-01
-4.234102282436226217e-01
-3.362626632491150791e-01
-3.157573538386427292e-01
-3.064811424386671423e-01
-3.211277920175759637e-01
-3.731233980227022795e-01
-4.756499450750640845e-01
-5.630416208958867186e-01
-6.597095081166849395e-01
-7.712681557427072399e-01
-8.476748443793482579e-01
-9.221286464054680998e-01
-9.572806053948492711e-01
-9.582570487001098591e-01
-9.157817649212742772e-01
-8.559746124740632567e-01
-7.578420602953741536e-01
-6.460393018430367063e-01
-5.205663371170511367e-01
-4.224337849383620336e-01
-3.489564262175027243e-01
-2.981813743439521436e-01
-3.135603564018064060e-01
-3.399243256438422844e-01
-3.770291712437446874e-01
-4.570975222751129108e-01
-5.584035151958989251e-01
-6.389600878798974426e-01
-7.475894055901378676e-01
-8.322958623214939955e-01
-8.989381179055291327e-01
-9.343341877212254509e-01
-9.243256438423044230e-01
-9.082143293055047195e-01
-8.337605272793848776e-01
-7.434395215427803683e-01
-6.379836445746368545e-01
-5.442450872696203978e-01
-4.561210789698523227e-01
-3.682411814963993391e-01
-3.350421091175393440e-01
-3.020871475649944959e-01
-3.243012327596728750e-01
-4.038813621384108599e-01
-4.644208470645673215e-01
-5.435127547906749568e-01
-6.518979616746002348e-01
-7.536921762480166542e-01
-8.213108751373123795e-01
-8.772122543634810476e-01
-9.223727572317832468e-01
-9.211522031002075117e-01
-8.794092518003173709e-01
-8.237519834004638497e-01
-7.380690833638471338e-01
-6.379836445746368545e-01
-5.327718784328084878e-01
-4.402538752593677662e-01
-3.865494934700354213e-01
-3.299157817649212565e-01
-3.460270963017209600e-01
-3.279628951544000803e-01
-3.992432564384230664e-01
-4.490418650067130590e-01
-5.642621750274624537e-01
-6.619065055535212627e-01
-7.290369827901866939e-01
-8.105699987794459105e-01
-8.720859270108629602e-01
-9.133406566581228070e-01
-9.182228731844257474e-01
-8.774563651897961947e-01
-8.225314292688881146e-01
-7.344074209691199284e-01
-6.338337605272793551e-01
-5.479067496643476032e-01
-4.524594165751251174e-01
-3.826437202489930689e-01
-3.557915293543268409e-01
-3.406566581227877255e-01
-3.282070059807152274e-01
-3.931404857805443909e-01
-4.597827413645795280e-01
-5.562065177590626019e-01
-6.433540827535700890e-01
-7.341633101428047814e-01
-8.198462101794214973e-01
-8.735505919687538423e-01
-9.187110948370560415e-01
-9.079702184791895725e-01
-8.847796899792506053e-01
-8.073965580373489992e-01
-7.331868668375441933e-01
-6.521420725009153818e-01
-5.313072134749176056e-01
-4.710118393750762911e-01
-3.880141584279263034e-01
-3.308922250701818446e-01
-3.440742096911997838e-01
-3.374832173806908142e-01
-3.833760527279385100e-01
-4.546564140119614406e-01
-5.432686439643598098e-01
-6.309044306114975909e-01
-7.263517637007200767e-01
-8.115464420847064986e-01
-8.762358110582204596e-01
-9.106554375686561897e-01
-9.145612107896985421e-01
-9.018674478213108969e-01
-8.325399731478091425e-01
-7.375808617112168397e-01
-6.558037348956425872e-01
-5.613328451116806894e-01
-4.549005248382765876e-01
-3.833760527279385100e-01
-3.216160136702062577e-01
-2.969608202123764085e-01
-3.111192481386549358e-01
-3.455388746490906660e-01
-4.256072256804589449e-01
-5.210545587696814307e-01
-6.135725619431221523e-01
-7.261076528744049297e-01
-7.956792383742219421e-01
-8.679360429635054608e-01
-9.211522031002075117e-01
-9.409251800317344205e-01
-9.047967777370926612e-01
-8.535335042109117865e-01
-7.715122665690223869e-01
-6.843647015745147888e-01
-5.630416208958867186e-01
-4.690589527645551149e-01
